filter,feature_class,feature,Feature_name,mae,rank
lbp-2D,firstorder,10Percentile,lbp-2D_firstorder_10Percentile,0.2496612773148047,276
lbp-2D,firstorder,90Percentile,lbp-2D_firstorder_90Percentile,NA,NA
lbp-2D,firstorder,Energy,lbp-2D_firstorder_Energy,0.001412439236716021,3
lbp-2D,firstorder,Entropy,lbp-2D_firstorder_Entropy,NA,NA
lbp-2D,firstorder,InterquartileRange,lbp-2D_firstorder_InterquartileRange,0.18758500353074353,163
lbp-2D,firstorder,Kurtosis,lbp-2D_firstorder_Kurtosis,0.3579045508463111,499
lbp-2D,firstorder,Maximum,lbp-2D_firstorder_Maximum,NA,NA
lbp-2D,firstorder,Mean,lbp-2D_firstorder_Mean,0.3974544067656179,577
lbp-2D,firstorder,MeanAbsoluteDeviation,lbp-2D_firstorder_MeanAbsoluteDeviation,0.4544014110779291,665
lbp-2D,firstorder,Median,lbp-2D_firstorder_Median,NA,NA
lbp-2D,firstorder,Minimum,lbp-2D_firstorder_Minimum,NA,NA
lbp-2D,firstorder,Range,lbp-2D_firstorder_Range,NA,NA
lbp-2D,firstorder,RobustMeanAbsoluteDeviation,lbp-2D_firstorder_RobustMeanAbsoluteDeviation,0.4602351215418546,677
lbp-2D,firstorder,RootMeanSquared,lbp-2D_firstorder_RootMeanSquared,0.3978363555230363,579
lbp-2D,firstorder,Skewness,lbp-2D_firstorder_Skewness,0.4466846661894906,656
lbp-2D,firstorder,TotalEnergy,lbp-2D_firstorder_TotalEnergy,0.001412439236716021,3
lbp-2D,firstorder,Uniformity,lbp-2D_firstorder_Uniformity,NA,NA
lbp-2D,firstorder,Variance,lbp-2D_firstorder_Variance,0.43575902957734036,639
lbp-2D,glcm,Autocorrelation,lbp-2D_glcm_Autocorrelation,NA,NA
lbp-2D,glcm,ClusterProminence,lbp-2D_glcm_ClusterProminence,NA,NA
lbp-2D,glcm,ClusterShade,lbp-2D_glcm_ClusterShade,NA,NA
lbp-2D,glcm,ClusterTendency,lbp-2D_glcm_ClusterTendency,NA,NA
lbp-2D,glcm,Contrast,lbp-2D_glcm_Contrast,NA,NA
lbp-2D,glcm,Correlation,lbp-2D_glcm_Correlation,NA,NA
lbp-2D,glcm,DifferenceAverage,lbp-2D_glcm_DifferenceAverage,NA,NA
lbp-2D,glcm,DifferenceEntropy,lbp-2D_glcm_DifferenceEntropy,NA,NA
lbp-2D,glcm,DifferenceVariance,lbp-2D_glcm_DifferenceVariance,NA,NA
lbp-2D,glcm,Id,lbp-2D_glcm_Id,NA,NA
lbp-2D,glcm,Idm,lbp-2D_glcm_Idm,NA,NA
lbp-2D,glcm,Idmn,lbp-2D_glcm_Idmn,NA,NA
lbp-2D,glcm,Idn,lbp-2D_glcm_Idn,NA,NA
lbp-2D,glcm,Imc1,lbp-2D_glcm_Imc1,NA,NA
lbp-2D,glcm,Imc2,lbp-2D_glcm_Imc2,NA,NA
lbp-2D,glcm,InverseVariance,lbp-2D_glcm_InverseVariance,NA,NA
lbp-2D,glcm,JointAverage,lbp-2D_glcm_JointAverage,NA,NA
lbp-2D,glcm,JointEnergy,lbp-2D_glcm_JointEnergy,NA,NA
lbp-2D,glcm,JointEntropy,lbp-2D_glcm_JointEntropy,NA,NA
lbp-2D,glcm,MaximumProbability,lbp-2D_glcm_MaximumProbability,NA,NA
lbp-2D,glcm,SumEntropy,lbp-2D_glcm_SumEntropy,NA,NA
lbp-2D,glcm,SumSquares,lbp-2D_glcm_SumSquares,NA,NA
lbp-2D,gldm,DependenceEntropy,lbp-2D_gldm_DependenceEntropy,0,1
lbp-2D,gldm,DependenceNonUniformity,lbp-2D_gldm_DependenceNonUniformity,0,1
lbp-2D,gldm,DependenceNonUniformityNormalized,lbp-2D_gldm_DependenceNonUniformityNormalized,0,1
lbp-2D,gldm,DependenceVariance,lbp-2D_gldm_DependenceVariance,0,1
lbp-2D,gldm,GrayLevelNonUniformity,lbp-2D_gldm_GrayLevelNonUniformity,0,1
lbp-2D,gldm,GrayLevelVariance,lbp-2D_gldm_GrayLevelVariance,NA,NA
lbp-2D,gldm,HighGrayLevelEmphasis,lbp-2D_gldm_HighGrayLevelEmphasis,NA,NA
lbp-2D,gldm,LargeDependenceEmphasis,lbp-2D_gldm_LargeDependenceEmphasis,0,1
lbp-2D,gldm,LargeDependenceHighGrayLevelEmphasis,lbp-2D_gldm_LargeDependenceHighGrayLevelEmphasis,0,1
lbp-2D,gldm,LargeDependenceLowGrayLevelEmphasis,lbp-2D_gldm_LargeDependenceLowGrayLevelEmphasis,0,1
lbp-2D,gldm,LowGrayLevelEmphasis,lbp-2D_gldm_LowGrayLevelEmphasis,NA,NA
lbp-2D,gldm,SmallDependenceEmphasis,lbp-2D_gldm_SmallDependenceEmphasis,0,1
lbp-2D,gldm,SmallDependenceHighGrayLevelEmphasis,lbp-2D_gldm_SmallDependenceHighGrayLevelEmphasis,0,1
lbp-2D,gldm,SmallDependenceLowGrayLevelEmphasis,lbp-2D_gldm_SmallDependenceLowGrayLevelEmphasis,0,1
lbp-2D,glrlm,GrayLevelNonUniformity,lbp-2D_glrlm_GrayLevelNonUniformity,0,1
lbp-2D,glrlm,GrayLevelNonUniformityNormalized,lbp-2D_glrlm_GrayLevelNonUniformityNormalized,NA,NA
lbp-2D,glrlm,GrayLevelVariance,lbp-2D_glrlm_GrayLevelVariance,NA,NA
lbp-2D,glrlm,HighGrayLevelRunEmphasis,lbp-2D_glrlm_HighGrayLevelRunEmphasis,NA,NA
lbp-2D,glrlm,LongRunEmphasis,lbp-2D_glrlm_LongRunEmphasis,0,1
lbp-2D,glrlm,LongRunHighGrayLevelEmphasis,lbp-2D_glrlm_LongRunHighGrayLevelEmphasis,0,1
lbp-2D,glrlm,LongRunLowGrayLevelEmphasis,lbp-2D_glrlm_LongRunLowGrayLevelEmphasis,0,1
lbp-2D,glrlm,LowGrayLevelRunEmphasis,lbp-2D_glrlm_LowGrayLevelRunEmphasis,NA,NA
lbp-2D,glrlm,RunEntropy,lbp-2D_glrlm_RunEntropy,0,1
lbp-2D,glrlm,RunLengthNonUniformity,lbp-2D_glrlm_RunLengthNonUniformity,0,1
lbp-2D,glrlm,RunLengthNonUniformityNormalized,lbp-2D_glrlm_RunLengthNonUniformityNormalized,0,1
lbp-2D,glrlm,RunPercentage,lbp-2D_glrlm_RunPercentage,0,1
lbp-2D,glrlm,RunVariance,lbp-2D_glrlm_RunVariance,0,1
lbp-2D,glrlm,ShortRunEmphasis,lbp-2D_glrlm_ShortRunEmphasis,0,1
lbp-2D,glrlm,ShortRunHighGrayLevelEmphasis,lbp-2D_glrlm_ShortRunHighGrayLevelEmphasis,0,1
lbp-2D,glrlm,ShortRunLowGrayLevelEmphasis,lbp-2D_glrlm_ShortRunLowGrayLevelEmphasis,0,1
lbp-2D,glszm,GrayLevelNonUniformity,lbp-2D_glszm_GrayLevelNonUniformity,NA,NA
lbp-2D,glszm,GrayLevelNonUniformityNormalized,lbp-2D_glszm_GrayLevelNonUniformityNormalized,NA,NA
lbp-2D,glszm,GrayLevelVariance,lbp-2D_glszm_GrayLevelVariance,NA,NA
lbp-2D,glszm,HighGrayLevelZoneEmphasis,lbp-2D_glszm_HighGrayLevelZoneEmphasis,NA,NA
lbp-2D,glszm,LargeAreaEmphasis,lbp-2D_glszm_LargeAreaEmphasis,0,1
lbp-2D,glszm,LargeAreaHighGrayLevelEmphasis,lbp-2D_glszm_LargeAreaHighGrayLevelEmphasis,0,1
lbp-2D,glszm,LargeAreaLowGrayLevelEmphasis,lbp-2D_glszm_LargeAreaLowGrayLevelEmphasis,0,1
lbp-2D,glszm,LowGrayLevelZoneEmphasis,lbp-2D_glszm_LowGrayLevelZoneEmphasis,NA,NA
lbp-2D,glszm,SizeZoneNonUniformity,lbp-2D_glszm_SizeZoneNonUniformity,NA,NA
lbp-2D,glszm,SizeZoneNonUniformityNormalized,lbp-2D_glszm_SizeZoneNonUniformityNormalized,NA,NA
lbp-2D,glszm,SmallAreaEmphasis,lbp-2D_glszm_SmallAreaEmphasis,0,1
lbp-2D,glszm,SmallAreaHighGrayLevelEmphasis,lbp-2D_glszm_SmallAreaHighGrayLevelEmphasis,0,1
lbp-2D,glszm,SmallAreaLowGrayLevelEmphasis,lbp-2D_glszm_SmallAreaLowGrayLevelEmphasis,0,1
lbp-2D,glszm,ZoneEntropy,lbp-2D_glszm_ZoneEntropy,NA,NA
lbp-2D,glszm,ZonePercentage,lbp-2D_glszm_ZonePercentage,0,1
lbp-2D,glszm,ZoneVariance,lbp-2D_glszm_ZoneVariance,NA,NA
lbp-2D,ngtdm,Busyness,lbp-2D_ngtdm_Busyness,NA,NA
lbp-2D,ngtdm,Coarseness,lbp-2D_ngtdm_Coarseness,NA,NA
lbp-2D,ngtdm,Complexity,lbp-2D_ngtdm_Complexity,NA,NA
lbp-2D,ngtdm,Contrast,lbp-2D_ngtdm_Contrast,NA,NA
lbp-2D,ngtdm,Strength,lbp-2D_ngtdm_Strength,NA,NA
original,firstorder,10Percentile,original_firstorder_10Percentile,0.25541732576007614,284
original,firstorder,90Percentile,original_firstorder_90Percentile,0.2023895614085659,189
original,firstorder,Energy,original_firstorder_Energy,0.03241894088915932,4
original,firstorder,Entropy,original_firstorder_Entropy,0.38714756049938903,557
original,firstorder,InterquartileRange,original_firstorder_InterquartileRange,0.32422189477123997,407
original,firstorder,Kurtosis,original_firstorder_Kurtosis,0.1990263460801321,181
original,firstorder,Maximum,original_firstorder_Maximum,0.2661555679555353,300
original,firstorder,Mean,original_firstorder_Mean,0.08578001036964368,23
original,firstorder,MeanAbsoluteDeviation,original_firstorder_MeanAbsoluteDeviation,0.3259745415980875,414
original,firstorder,Median,original_firstorder_Median,0.09328668954962553,28
original,firstorder,Minimum,original_firstorder_Minimum,0.4211063964858484,620
original,firstorder,Range,original_firstorder_Range,0.2911718555939662,330
original,firstorder,RobustMeanAbsoluteDeviation,original_firstorder_RobustMeanAbsoluteDeviation,0.3222712899973217,403
original,firstorder,RootMeanSquared,original_firstorder_RootMeanSquared,0.08036908868291563,16
original,firstorder,Skewness,original_firstorder_Skewness,0.2561278790442074,285
original,firstorder,TotalEnergy,original_firstorder_TotalEnergy,0.03241894088915932,4
original,firstorder,Uniformity,original_firstorder_Uniformity,0.3249973809250539,410
original,firstorder,Variance,original_firstorder_Variance,0.32614046422164616,415
original,glcm,Autocorrelation,original_glcm_Autocorrelation,0.7107395100350564,787
original,glcm,ClusterProminence,original_glcm_ClusterProminence,0.1865073054644812,160
original,glcm,ClusterShade,original_glcm_ClusterShade,0.17919690399840096,150
original,glcm,ClusterTendency,original_glcm_ClusterTendency,0.24450507285387554,266
original,glcm,Contrast,original_glcm_Contrast,0.3546210462751043,490
original,glcm,Correlation,original_glcm_Correlation,0.19195578882731135,171
original,glcm,DifferenceAverage,original_glcm_DifferenceAverage,0.38075737949599064,544
original,glcm,DifferenceEntropy,original_glcm_DifferenceEntropy,0.36238454086309385,514
original,glcm,DifferenceVariance,original_glcm_DifferenceVariance,0.24415110744006915,265
original,glcm,Id,original_glcm_Id,0.43029040138308183,630
original,glcm,Idm,original_glcm_Idm,0.4337778130912356,637
original,glcm,Idmn,original_glcm_Idmn,0.3519822031899897,484
original,glcm,Idn,original_glcm_Idn,0.43113443075420366,631
original,glcm,Imc1,original_glcm_Imc1,0.22444717469275915,235
original,glcm,Imc2,original_glcm_Imc2,0.14528131812926554,102
original,glcm,InverseVariance,original_glcm_InverseVariance,0.4270998737339625,625
original,glcm,JointAverage,original_glcm_JointAverage,0.6627488056789009,783
original,glcm,JointEnergy,original_glcm_JointEnergy,0.23405207366438244,250
original,glcm,JointEntropy,original_glcm_JointEntropy,0.21240548208944715,207
original,glcm,MaximumProbability,original_glcm_MaximumProbability,0.38448428095592935,550
original,glcm,SumEntropy,original_glcm_SumEntropy,0.20402223280828005,194
original,glcm,SumSquares,original_glcm_SumSquares,0.32451784830162445,408
original,gldm,DependenceEntropy,original_gldm_DependenceEntropy,0.26765863910503807,302
original,gldm,DependenceNonUniformity,original_gldm_DependenceNonUniformity,0.9334583757513433,795
original,gldm,DependenceNonUniformityNormalized,original_gldm_DependenceNonUniformityNormalized,0.5271131165671448,740
original,gldm,DependenceVariance,original_gldm_DependenceVariance,0.31455843665896577,386
original,gldm,GrayLevelNonUniformity,original_gldm_GrayLevelNonUniformity,0.22754996652942983,236
original,gldm,GrayLevelVariance,original_gldm_GrayLevelVariance,0.3278638132775128,419
original,gldm,HighGrayLevelEmphasis,original_gldm_HighGrayLevelEmphasis,0.7251625409865937,790
original,gldm,LargeDependenceEmphasis,original_gldm_LargeDependenceEmphasis,0.2719661490774618,306
original,gldm,LargeDependenceHighGrayLevelEmphasis,original_gldm_LargeDependenceHighGrayLevelEmphasis,0.40213449401339985,588
original,gldm,LargeDependenceLowGrayLevelEmphasis,original_gldm_LargeDependenceLowGrayLevelEmphasis,0.21853539644760542,219
original,gldm,LowGrayLevelEmphasis,original_gldm_LowGrayLevelEmphasis,0.40704853934572105,600
original,gldm,SmallDependenceEmphasis,original_gldm_SmallDependenceEmphasis,0.38285608950124356,547
original,gldm,SmallDependenceHighGrayLevelEmphasis,original_gldm_SmallDependenceHighGrayLevelEmphasis,0.7890548032770436,794
original,gldm,SmallDependenceLowGrayLevelEmphasis,original_gldm_SmallDependenceLowGrayLevelEmphasis,0.4693305188635711,688
original,glrlm,GrayLevelNonUniformity,original_glrlm_GrayLevelNonUniformity,0.2293319407391112,241
original,glrlm,GrayLevelNonUniformityNormalized,original_glrlm_GrayLevelNonUniformityNormalized,0.32270244437954243,404
original,glrlm,GrayLevelVariance,original_glrlm_GrayLevelVariance,0.3180302128464996,391
original,glrlm,HighGrayLevelRunEmphasis,original_glrlm_HighGrayLevelRunEmphasis,0.7171951785287738,789
original,glrlm,LongRunEmphasis,original_glrlm_LongRunEmphasis,0.2856196809310512,323
original,glrlm,LongRunHighGrayLevelEmphasis,original_glrlm_LongRunHighGrayLevelEmphasis,0.6448085108846832,782
original,glrlm,LongRunLowGrayLevelEmphasis,original_glrlm_LongRunLowGrayLevelEmphasis,0.3603127999997799,505
original,glrlm,LowGrayLevelRunEmphasis,original_glrlm_LowGrayLevelRunEmphasis,0.4160857058184313,614
original,glrlm,RunEntropy,original_glrlm_RunEntropy,0.32811266466835054,421
original,glrlm,RunLengthNonUniformity,original_glrlm_RunLengthNonUniformity,0.23284118410689636,248
original,glrlm,RunLengthNonUniformityNormalized,original_glrlm_RunLengthNonUniformityNormalized,0.3100101359717166,373
original,glrlm,RunPercentage,original_glrlm_RunPercentage,0.3060516978904858,363
original,glrlm,RunVariance,original_glrlm_RunVariance,0.29533717472500093,342
original,glrlm,ShortRunEmphasis,original_glrlm_ShortRunEmphasis,0.2919951073249583,334
original,glrlm,ShortRunHighGrayLevelEmphasis,original_glrlm_ShortRunHighGrayLevelEmphasis,0.7305020322429675,791
original,glrlm,ShortRunLowGrayLevelEmphasis,original_glrlm_ShortRunLowGrayLevelEmphasis,0.4318513025665082,632
original,glszm,GrayLevelNonUniformity,original_glszm_GrayLevelNonUniformity,0.26840382774501154,304
original,glszm,GrayLevelNonUniformityNormalized,original_glszm_GrayLevelNonUniformityNormalized,0.32825861319342153,422
original,glszm,GrayLevelVariance,original_glszm_GrayLevelVariance,0.299306257664455,356
original,glszm,HighGrayLevelZoneEmphasis,original_glszm_HighGrayLevelZoneEmphasis,0.6853782596865653,785
original,glszm,LargeAreaEmphasis,original_glszm_LargeAreaEmphasis,0.21190877686288487,205
original,glszm,LargeAreaHighGrayLevelEmphasis,original_glszm_LargeAreaHighGrayLevelEmphasis,0.4209285355416015,619
original,glszm,LargeAreaLowGrayLevelEmphasis,original_glszm_LargeAreaLowGrayLevelEmphasis,0.24743220128837504,270
original,glszm,LowGrayLevelZoneEmphasis,original_glszm_LowGrayLevelZoneEmphasis,0.4266833042295949,624
original,glszm,SizeZoneNonUniformity,original_glszm_SizeZoneNonUniformity,0.7690222566723858,793
original,glszm,SizeZoneNonUniformityNormalized,original_glszm_SizeZoneNonUniformityNormalized,0.43320363193520256,635
original,glszm,SmallAreaEmphasis,original_glszm_SmallAreaEmphasis,0.36714162914587206,518
original,glszm,SmallAreaHighGrayLevelEmphasis,original_glszm_SmallAreaHighGrayLevelEmphasis,0.7120123767275868,788
original,glszm,SmallAreaLowGrayLevelEmphasis,original_glszm_SmallAreaLowGrayLevelEmphasis,0.46459389474104845,685
original,glszm,ZoneEntropy,original_glszm_ZoneEntropy,0.32175123570671516,402
original,glszm,ZonePercentage,original_glszm_ZonePercentage,0.3442009646748624,462
original,glszm,ZoneVariance,original_glszm_ZoneVariance,0.19153537776552318,170
original,ngtdm,Busyness,original_ngtdm_Busyness,0.3138589075630818,383
original,ngtdm,Coarseness,original_ngtdm_Coarseness,0.2948751536889736,341
original,ngtdm,Complexity,original_ngtdm_Complexity,0.4765463364941694,694
original,ngtdm,Contrast,original_ngtdm_Contrast,0.29801542367229156,354
original,ngtdm,Strength,original_ngtdm_Strength,0.2187253371126738,220
wavelet-HHH,firstorder,10Percentile,wavelet-HHH_firstorder_10Percentile,0.37155057376779366,523
wavelet-HHH,firstorder,90Percentile,wavelet-HHH_firstorder_90Percentile,0.6063984956331482,778
wavelet-HHH,firstorder,Energy,wavelet-HHH_firstorder_Energy,0,1
wavelet-HHH,firstorder,Entropy,wavelet-HHH_firstorder_Entropy,0.29221099879876583,335
wavelet-HHH,firstorder,InterquartileRange,wavelet-HHH_firstorder_InterquartileRange,0.5827033956716414,772
wavelet-HHH,firstorder,Kurtosis,wavelet-HHH_firstorder_Kurtosis,0.444810889961803,652
wavelet-HHH,firstorder,Maximum,wavelet-HHH_firstorder_Maximum,0.4504278643415827,658
wavelet-HHH,firstorder,Mean,wavelet-HHH_firstorder_Mean,0.3614133790731384,510
wavelet-HHH,firstorder,MeanAbsoluteDeviation,wavelet-HHH_firstorder_MeanAbsoluteDeviation,0.41828097618429083,615
wavelet-HHH,firstorder,Median,wavelet-HHH_firstorder_Median,0.4218123970949257,622
wavelet-HHH,firstorder,Minimum,wavelet-HHH_firstorder_Minimum,0.4889166149210538,703
wavelet-HHH,firstorder,Range,wavelet-HHH_firstorder_Range,0.45184961212473224,659
wavelet-HHH,firstorder,RobustMeanAbsoluteDeviation,wavelet-HHH_firstorder_RobustMeanAbsoluteDeviation,0.5244631892449754,737
wavelet-HHH,firstorder,RootMeanSquared,wavelet-HHH_firstorder_RootMeanSquared,NA,NA
wavelet-HHH,firstorder,Skewness,wavelet-HHH_firstorder_Skewness,0.4323213431898151,634
wavelet-HHH,firstorder,TotalEnergy,wavelet-HHH_firstorder_TotalEnergy,0,1
wavelet-HHH,firstorder,Uniformity,wavelet-HHH_firstorder_Uniformity,0.2937322382092094,338
wavelet-HHH,firstorder,Variance,wavelet-HHH_firstorder_Variance,0.45478874604402425,667
wavelet-HHH,glcm,Autocorrelation,wavelet-HHH_glcm_Autocorrelation,0.39094683071854713,563
wavelet-HHH,glcm,ClusterProminence,wavelet-HHH_glcm_ClusterProminence,0.42824916908858324,629
wavelet-HHH,glcm,ClusterShade,wavelet-HHH_glcm_ClusterShade,0.36928317894616774,521
wavelet-HHH,glcm,ClusterTendency,wavelet-HHH_glcm_ClusterTendency,0.4576412711492597,672
wavelet-HHH,glcm,Contrast,wavelet-HHH_glcm_Contrast,0.33790295648536733,446
wavelet-HHH,glcm,Correlation,wavelet-HHH_glcm_Correlation,0.3969979613719292,576
wavelet-HHH,glcm,DifferenceAverage,wavelet-HHH_glcm_DifferenceAverage,0.33790295648536733,446
wavelet-HHH,glcm,DifferenceEntropy,wavelet-HHH_glcm_DifferenceEntropy,0.5308615813737795,743
wavelet-HHH,glcm,DifferenceVariance,wavelet-HHH_glcm_DifferenceVariance,0.5257851361611509,739
wavelet-HHH,glcm,Id,wavelet-HHH_glcm_Id,0.33790295648536744,448
wavelet-HHH,glcm,Idm,wavelet-HHH_glcm_Idm,0.33790295648536744,448
wavelet-HHH,glcm,Idmn,wavelet-HHH_glcm_Idmn,0.3379029564853677,449
wavelet-HHH,glcm,Idn,wavelet-HHH_glcm_Idn,0.3379029564853674,447
wavelet-HHH,glcm,Imc1,wavelet-HHH_glcm_Imc1,0.5699941159304432,768
wavelet-HHH,glcm,Imc2,wavelet-HHH_glcm_Imc2,0.4972274623676397,711
wavelet-HHH,glcm,InverseVariance,wavelet-HHH_glcm_InverseVariance,0.33790295648536733,446
wavelet-HHH,glcm,JointAverage,wavelet-HHH_glcm_JointAverage,0.37499560712664154,529
wavelet-HHH,glcm,JointEnergy,wavelet-HHH_glcm_JointEnergy,0.2907043882792374,329
wavelet-HHH,glcm,JointEntropy,wavelet-HHH_glcm_JointEntropy,0.312610352399164,379
wavelet-HHH,glcm,MaximumProbability,wavelet-HHH_glcm_MaximumProbability,0.2734618130965761,309
wavelet-HHH,glcm,SumEntropy,wavelet-HHH_glcm_SumEntropy,0.5067673357050276,721
wavelet-HHH,glcm,SumSquares,wavelet-HHH_glcm_SumSquares,0.2474137521896501,269
wavelet-HHH,gldm,DependenceEntropy,wavelet-HHH_gldm_DependenceEntropy,0.4365037700631919,641
wavelet-HHH,gldm,DependenceNonUniformity,wavelet-HHH_gldm_DependenceNonUniformity,0.31638697967924323,389
wavelet-HHH,gldm,DependenceNonUniformityNormalized,wavelet-HHH_gldm_DependenceNonUniformityNormalized,0.5332065673341461,745
wavelet-HHH,gldm,DependenceVariance,wavelet-HHH_gldm_DependenceVariance,0.39414971260469683,570
wavelet-HHH,gldm,GrayLevelNonUniformity,wavelet-HHH_gldm_GrayLevelNonUniformity,0.04681358230396613,7
wavelet-HHH,gldm,GrayLevelVariance,wavelet-HHH_gldm_GrayLevelVariance,0.29373223820920963,339
wavelet-HHH,gldm,HighGrayLevelEmphasis,wavelet-HHH_gldm_HighGrayLevelEmphasis,0.4034587055407646,593
wavelet-HHH,gldm,LargeDependenceEmphasis,wavelet-HHH_gldm_LargeDependenceEmphasis,0.22192520897426304,227
wavelet-HHH,gldm,LargeDependenceHighGrayLevelEmphasis,wavelet-HHH_gldm_LargeDependenceHighGrayLevelEmphasis,0.1846655866840712,156
wavelet-HHH,gldm,LargeDependenceLowGrayLevelEmphasis,wavelet-HHH_gldm_LargeDependenceLowGrayLevelEmphasis,0.4273067806968081,626
wavelet-HHH,gldm,LowGrayLevelEmphasis,wavelet-HHH_gldm_LowGrayLevelEmphasis,0.40345870554076463,594
wavelet-HHH,gldm,SmallDependenceEmphasis,wavelet-HHH_gldm_SmallDependenceEmphasis,0.22192803110991743,228
wavelet-HHH,gldm,SmallDependenceHighGrayLevelEmphasis,wavelet-HHH_gldm_SmallDependenceHighGrayLevelEmphasis,0.23884347596308106,255
wavelet-HHH,gldm,SmallDependenceLowGrayLevelEmphasis,wavelet-HHH_gldm_SmallDependenceLowGrayLevelEmphasis,0.25975101184373695,291
wavelet-HHH,glrlm,GrayLevelNonUniformity,wavelet-HHH_glrlm_GrayLevelNonUniformity,0.07704872011988374,14
wavelet-HHH,glrlm,GrayLevelNonUniformityNormalized,wavelet-HHH_glrlm_GrayLevelNonUniformityNormalized,0.3083014664091723,367
wavelet-HHH,glrlm,GrayLevelVariance,wavelet-HHH_glrlm_GrayLevelVariance,0.3083014664091728,368
wavelet-HHH,glrlm,HighGrayLevelRunEmphasis,wavelet-HHH_glrlm_HighGrayLevelRunEmphasis,0.4093607953283678,608
wavelet-HHH,glrlm,LongRunEmphasis,wavelet-HHH_glrlm_LongRunEmphasis,0.23933232527190657,256
wavelet-HHH,glrlm,LongRunHighGrayLevelEmphasis,wavelet-HHH_glrlm_LongRunHighGrayLevelEmphasis,0.19497439096688762,174
wavelet-HHH,glrlm,LongRunLowGrayLevelEmphasis,wavelet-HHH_glrlm_LongRunLowGrayLevelEmphasis,0.4372466968916484,646
wavelet-HHH,glrlm,LowGrayLevelRunEmphasis,wavelet-HHH_glrlm_LowGrayLevelRunEmphasis,0.4093607953283678,608
wavelet-HHH,glrlm,RunEntropy,wavelet-HHH_glrlm_RunEntropy,0.17370601331690635,146
wavelet-HHH,glrlm,RunLengthNonUniformity,wavelet-HHH_glrlm_RunLengthNonUniformity,0.37682609655471594,531
wavelet-HHH,glrlm,RunLengthNonUniformityNormalized,wavelet-HHH_glrlm_RunLengthNonUniformityNormalized,0.1974345147068905,178
wavelet-HHH,glrlm,RunPercentage,wavelet-HHH_glrlm_RunPercentage,0.20071516625505978,185
wavelet-HHH,glrlm,RunVariance,wavelet-HHH_glrlm_RunVariance,0.3747825248208317,528
wavelet-HHH,glrlm,ShortRunEmphasis,wavelet-HHH_glrlm_ShortRunEmphasis,0.1848468439550085,158
wavelet-HHH,glrlm,ShortRunHighGrayLevelEmphasis,wavelet-HHH_glrlm_ShortRunHighGrayLevelEmphasis,0.29772654099729734,352
wavelet-HHH,glrlm,ShortRunLowGrayLevelEmphasis,wavelet-HHH_glrlm_ShortRunLowGrayLevelEmphasis,0.22100462918023436,224
wavelet-HHH,glszm,GrayLevelNonUniformity,wavelet-HHH_glszm_GrayLevelNonUniformity,0.29634464715935366,349
wavelet-HHH,glszm,GrayLevelNonUniformityNormalized,wavelet-HHH_glszm_GrayLevelNonUniformityNormalized,0.4076658133739732,602
wavelet-HHH,glszm,GrayLevelVariance,wavelet-HHH_glszm_GrayLevelVariance,0.4076658133739733,603
wavelet-HHH,glszm,HighGrayLevelZoneEmphasis,wavelet-HHH_glszm_HighGrayLevelZoneEmphasis,0.43596128257918026,640
wavelet-HHH,glszm,LargeAreaEmphasis,wavelet-HHH_glszm_LargeAreaEmphasis,0.2926935046981042,336
wavelet-HHH,glszm,LargeAreaHighGrayLevelEmphasis,wavelet-HHH_glszm_LargeAreaHighGrayLevelEmphasis,0.24986941490643075,277
wavelet-HHH,glszm,LargeAreaLowGrayLevelEmphasis,wavelet-HHH_glszm_LargeAreaLowGrayLevelEmphasis,0.34376618031041645,461
wavelet-HHH,glszm,LowGrayLevelZoneEmphasis,wavelet-HHH_glszm_LowGrayLevelZoneEmphasis,0.43596128257918026,640
wavelet-HHH,glszm,SizeZoneNonUniformity,wavelet-HHH_glszm_SizeZoneNonUniformity,0.3088418104697511,370
wavelet-HHH,glszm,SizeZoneNonUniformityNormalized,wavelet-HHH_glszm_SizeZoneNonUniformityNormalized,0.3849561106955234,552
wavelet-HHH,glszm,SmallAreaEmphasis,wavelet-HHH_glszm_SmallAreaEmphasis,0.36864239226024564,520
wavelet-HHH,glszm,SmallAreaHighGrayLevelEmphasis,wavelet-HHH_glszm_SmallAreaHighGrayLevelEmphasis,0.3788407200919855,536
wavelet-HHH,glszm,SmallAreaLowGrayLevelEmphasis,wavelet-HHH_glszm_SmallAreaLowGrayLevelEmphasis,0.44914967608508954,657
wavelet-HHH,glszm,ZoneEntropy,wavelet-HHH_glszm_ZoneEntropy,0.5306909839509116,742
wavelet-HHH,glszm,ZonePercentage,wavelet-HHH_glszm_ZonePercentage,0.19682560645662298,177
wavelet-HHH,glszm,ZoneVariance,wavelet-HHH_glszm_ZoneVariance,0.3871555430260575,558
wavelet-HHH,ngtdm,Busyness,wavelet-HHH_ngtdm_Busyness,0.11488383393482098,54
wavelet-HHH,ngtdm,Coarseness,wavelet-HHH_ngtdm_Coarseness,0.14507496090054253,101
wavelet-HHH,ngtdm,Complexity,wavelet-HHH_ngtdm_Complexity,0.4079530294582102,604
wavelet-HHH,ngtdm,Contrast,wavelet-HHH_ngtdm_Contrast,0.3817645975304887,546
wavelet-HHH,ngtdm,Strength,wavelet-HHH_ngtdm_Strength,0.14541125722018414,103
wavelet-HHL,firstorder,10Percentile,wavelet-HHL_firstorder_10Percentile,0.2955999524710417,344
wavelet-HHL,firstorder,90Percentile,wavelet-HHL_firstorder_90Percentile,0.45456263184506757,666
wavelet-HHL,firstorder,Energy,wavelet-HHL_firstorder_Energy,0.03663560421209589,6
wavelet-HHL,firstorder,Entropy,wavelet-HHL_firstorder_Entropy,0.3862539434822162,555
wavelet-HHL,firstorder,InterquartileRange,wavelet-HHL_firstorder_InterquartileRange,0.5991942665199632,776
wavelet-HHL,firstorder,Kurtosis,wavelet-HHL_firstorder_Kurtosis,0.28625233076635964,324
wavelet-HHL,firstorder,Maximum,wavelet-HHL_firstorder_Maximum,0.23253141237396668,247
wavelet-HHL,firstorder,Mean,wavelet-HHL_firstorder_Mean,0.20198169641608213,187
wavelet-HHL,firstorder,MeanAbsoluteDeviation,wavelet-HHL_firstorder_MeanAbsoluteDeviation,0.384103383329078,549
wavelet-HHL,firstorder,Median,wavelet-HHL_firstorder_Median,0.4413652840434744,649
wavelet-HHL,firstorder,Minimum,wavelet-HHL_firstorder_Minimum,0.4119161945995238,612
wavelet-HHL,firstorder,Range,wavelet-HHL_firstorder_Range,0.2784855489847936,318
wavelet-HHL,firstorder,RobustMeanAbsoluteDeviation,wavelet-HHL_firstorder_RobustMeanAbsoluteDeviation,0.5151461049063522,728
wavelet-HHL,firstorder,RootMeanSquared,wavelet-HHL_firstorder_RootMeanSquared,0.3505193017966504,480
wavelet-HHL,firstorder,Skewness,wavelet-HHL_firstorder_Skewness,0.2152650410426675,211
wavelet-HHL,firstorder,TotalEnergy,wavelet-HHL_firstorder_TotalEnergy,0.03663560421209589,6
wavelet-HHL,firstorder,Uniformity,wavelet-HHL_firstorder_Uniformity,0.3073678412428043,364
wavelet-HHL,firstorder,Variance,wavelet-HHL_firstorder_Variance,0.34660821922759194,471
wavelet-HHL,glcm,Autocorrelation,wavelet-HHL_glcm_Autocorrelation,0.4855827691392928,700
wavelet-HHL,glcm,ClusterProminence,wavelet-HHL_glcm_ClusterProminence,0.33238537606247825,434
wavelet-HHL,glcm,ClusterShade,wavelet-HHL_glcm_ClusterShade,0.21838120634001726,218
wavelet-HHL,glcm,ClusterTendency,wavelet-HHL_glcm_ClusterTendency,0.28641230727311273,325
wavelet-HHL,glcm,Contrast,wavelet-HHL_glcm_Contrast,0.36152266725235993,511
wavelet-HHL,glcm,Correlation,wavelet-HHL_glcm_Correlation,0.3100941073085981,374
wavelet-HHL,glcm,DifferenceAverage,wavelet-HHL_glcm_DifferenceAverage,0.35969249008707266,503
wavelet-HHL,glcm,DifferenceEntropy,wavelet-HHL_glcm_DifferenceEntropy,0.44136576984013054,650
wavelet-HHL,glcm,DifferenceVariance,wavelet-HHL_glcm_DifferenceVariance,0.2809275917367189,322
wavelet-HHL,glcm,Id,wavelet-HHL_glcm_Id,0.3395315756937322,452
wavelet-HHL,glcm,Idm,wavelet-HHL_glcm_Idm,0.3464994569305855,470
wavelet-HHL,glcm,Idmn,wavelet-HHL_glcm_Idmn,0.6313430016880496,779
wavelet-HHL,glcm,Idn,wavelet-HHL_glcm_Idn,0.5642091262212411,766
wavelet-HHL,glcm,Imc1,wavelet-HHL_glcm_Imc1,0.17291936131259428,144
wavelet-HHL,glcm,Imc2,wavelet-HHL_glcm_Imc2,0.11611036885359093,59
wavelet-HHL,glcm,InverseVariance,wavelet-HHL_glcm_InverseVariance,0.36130748376686694,509
wavelet-HHL,glcm,JointAverage,wavelet-HHL_glcm_JointAverage,0.44612099856508547,653
wavelet-HHL,glcm,JointEnergy,wavelet-HHL_glcm_JointEnergy,0.18511932698596836,159
wavelet-HHL,glcm,JointEntropy,wavelet-HHL_glcm_JointEntropy,0.1431649319378678,95
wavelet-HHL,glcm,MaximumProbability,wavelet-HHL_glcm_MaximumProbability,0.4634922883118705,683
wavelet-HHL,glcm,SumEntropy,wavelet-HHL_glcm_SumEntropy,0.5395534014167802,750
wavelet-HHL,glcm,SumSquares,wavelet-HHL_glcm_SumSquares,0.323074846439943,406
wavelet-HHL,gldm,DependenceEntropy,wavelet-HHL_gldm_DependenceEntropy,0.6358070273635504,780
wavelet-HHL,gldm,DependenceNonUniformity,wavelet-HHL_gldm_DependenceNonUniformity,0.5016109765911138,715
wavelet-HHL,gldm,DependenceNonUniformityNormalized,wavelet-HHL_gldm_DependenceNonUniformityNormalized,0.3992662979442978,582
wavelet-HHL,gldm,DependenceVariance,wavelet-HHL_gldm_DependenceVariance,0.38589780275586494,554
wavelet-HHL,gldm,GrayLevelNonUniformity,wavelet-HHL_gldm_GrayLevelNonUniformity,0.16067692928788116,132
wavelet-HHL,gldm,GrayLevelVariance,wavelet-HHL_gldm_GrayLevelVariance,0.3458686769855997,469
wavelet-HHL,gldm,HighGrayLevelEmphasis,wavelet-HHL_gldm_HighGrayLevelEmphasis,0.49378119775676627,706
wavelet-HHL,gldm,LargeDependenceEmphasis,wavelet-HHL_gldm_LargeDependenceEmphasis,0.31161750177363207,377
wavelet-HHL,gldm,LargeDependenceHighGrayLevelEmphasis,wavelet-HHL_gldm_LargeDependenceHighGrayLevelEmphasis,0.38488965716674034,551
wavelet-HHL,gldm,LargeDependenceLowGrayLevelEmphasis,wavelet-HHL_gldm_LargeDependenceLowGrayLevelEmphasis,0.6409632165598294,781
wavelet-HHL,gldm,LowGrayLevelEmphasis,wavelet-HHL_gldm_LowGrayLevelEmphasis,0.5428566938985521,755
wavelet-HHL,gldm,SmallDependenceEmphasis,wavelet-HHL_gldm_SmallDependenceEmphasis,0.32095456959186874,399
wavelet-HHL,gldm,SmallDependenceHighGrayLevelEmphasis,wavelet-HHL_gldm_SmallDependenceHighGrayLevelEmphasis,0.5165326104003958,730
wavelet-HHL,gldm,SmallDependenceLowGrayLevelEmphasis,wavelet-HHL_gldm_SmallDependenceLowGrayLevelEmphasis,0.5153219955866737,729
wavelet-HHL,glrlm,GrayLevelNonUniformity,wavelet-HHL_glrlm_GrayLevelNonUniformity,0.16414681874519554,135
wavelet-HHL,glrlm,GrayLevelNonUniformityNormalized,wavelet-HHL_glrlm_GrayLevelNonUniformityNormalized,0.31400527435020026,384
wavelet-HHL,glrlm,GrayLevelVariance,wavelet-HHL_glrlm_GrayLevelVariance,0.3450672252368855,465
wavelet-HHL,glrlm,HighGrayLevelRunEmphasis,wavelet-HHL_glrlm_HighGrayLevelRunEmphasis,0.49383766663632267,707
wavelet-HHL,glrlm,LongRunEmphasis,wavelet-HHL_glrlm_LongRunEmphasis,0.30241251189090074,360
wavelet-HHL,glrlm,LongRunHighGrayLevelEmphasis,wavelet-HHL_glrlm_LongRunHighGrayLevelEmphasis,0.4735747370861449,692
wavelet-HHL,glrlm,LongRunLowGrayLevelEmphasis,wavelet-HHL_glrlm_LongRunLowGrayLevelEmphasis,0.5616343161656232,764
wavelet-HHL,glrlm,LowGrayLevelRunEmphasis,wavelet-HHL_glrlm_LowGrayLevelRunEmphasis,0.5405490030971769,751
wavelet-HHL,glrlm,RunEntropy,wavelet-HHL_glrlm_RunEntropy,0.4750250369035124,693
wavelet-HHL,glrlm,RunLengthNonUniformity,wavelet-HHL_glrlm_RunLengthNonUniformity,0.11068074604202273,45
wavelet-HHL,glrlm,RunLengthNonUniformityNormalized,wavelet-HHL_glrlm_RunLengthNonUniformityNormalized,0.3157095994271519,388
wavelet-HHL,glrlm,RunPercentage,wavelet-HHL_glrlm_RunPercentage,0.3119425371674967,378
wavelet-HHL,glrlm,RunVariance,wavelet-HHL_glrlm_RunVariance,0.3059564722297176,362
wavelet-HHL,glrlm,ShortRunEmphasis,wavelet-HHL_glrlm_ShortRunEmphasis,0.3075029473403663,365
wavelet-HHL,glrlm,ShortRunHighGrayLevelEmphasis,wavelet-HHL_glrlm_ShortRunHighGrayLevelEmphasis,0.4973625333710847,712
wavelet-HHL,glrlm,ShortRunLowGrayLevelEmphasis,wavelet-HHL_glrlm_ShortRunLowGrayLevelEmphasis,0.535037461729471,748
wavelet-HHL,glszm,GrayLevelNonUniformity,wavelet-HHL_glszm_GrayLevelNonUniformity,0.20019676233191708,183
wavelet-HHL,glszm,GrayLevelNonUniformityNormalized,wavelet-HHL_glszm_GrayLevelNonUniformityNormalized,0.3590410556066966,501
wavelet-HHL,glszm,GrayLevelVariance,wavelet-HHL_glszm_GrayLevelVariance,0.3454471818410825,467
wavelet-HHL,glszm,HighGrayLevelZoneEmphasis,wavelet-HHL_glszm_HighGrayLevelZoneEmphasis,0.49423709155220225,709
wavelet-HHL,glszm,LargeAreaEmphasis,wavelet-HHL_glszm_LargeAreaEmphasis,0.2628871126213396,294
wavelet-HHL,glszm,LargeAreaHighGrayLevelEmphasis,wavelet-HHL_glszm_LargeAreaHighGrayLevelEmphasis,0.4088764771863963,606
wavelet-HHL,glszm,LargeAreaLowGrayLevelEmphasis,wavelet-HHL_glszm_LargeAreaLowGrayLevelEmphasis,0.5695015896738075,767
wavelet-HHL,glszm,LowGrayLevelZoneEmphasis,wavelet-HHL_glszm_LowGrayLevelZoneEmphasis,0.5330663691712706,744
wavelet-HHL,glszm,SizeZoneNonUniformity,wavelet-HHL_glszm_SizeZoneNonUniformity,0.4523909772983874,661
wavelet-HHL,glszm,SizeZoneNonUniformityNormalized,wavelet-HHL_glszm_SizeZoneNonUniformityNormalized,0.3334826247273396,438
wavelet-HHL,glszm,SmallAreaEmphasis,wavelet-HHL_glszm_SmallAreaEmphasis,0.2988129091096056,355
wavelet-HHL,glszm,SmallAreaHighGrayLevelEmphasis,wavelet-HHL_glszm_SmallAreaHighGrayLevelEmphasis,0.5051683596527304,717
wavelet-HHL,glszm,SmallAreaLowGrayLevelEmphasis,wavelet-HHL_glszm_SmallAreaLowGrayLevelEmphasis,0.5379906660496977,749
wavelet-HHL,glszm,ZoneEntropy,wavelet-HHL_glszm_ZoneEntropy,0.6634566389184109,784
wavelet-HHL,glszm,ZonePercentage,wavelet-HHL_glszm_ZonePercentage,0.310617733517241,375
wavelet-HHL,glszm,ZoneVariance,wavelet-HHL_glszm_ZoneVariance,0.279516166783712,320
wavelet-HHL,ngtdm,Busyness,wavelet-HHL_ngtdm_Busyness,0.40251079279295926,589
wavelet-HHL,ngtdm,Coarseness,wavelet-HHL_ngtdm_Coarseness,0.502016036172146,716
wavelet-HHL,ngtdm,Complexity,wavelet-HHL_ngtdm_Complexity,0.49500843861258487,710
wavelet-HHL,ngtdm,Contrast,wavelet-HHL_ngtdm_Contrast,0.29435143052548496,340
wavelet-HHL,ngtdm,Strength,wavelet-HHL_ngtdm_Strength,0.2487176535235472,274
wavelet-HLH,firstorder,10Percentile,wavelet-HLH_firstorder_10Percentile,0.3252096356237569,411
wavelet-HLH,firstorder,90Percentile,wavelet-HLH_firstorder_90Percentile,0.21180969638382444,203
wavelet-HLH,firstorder,Energy,wavelet-HLH_firstorder_Energy,0,1
wavelet-HLH,firstorder,Entropy,wavelet-HLH_firstorder_Entropy,0.39586769091976026,575
wavelet-HLH,firstorder,InterquartileRange,wavelet-HLH_firstorder_InterquartileRange,0.2278485937631395,238
wavelet-HLH,firstorder,Kurtosis,wavelet-HLH_firstorder_Kurtosis,0.4208811655561085,618
wavelet-HLH,firstorder,Maximum,wavelet-HLH_firstorder_Maximum,0.44375681841311365,651
wavelet-HLH,firstorder,Mean,wavelet-HLH_firstorder_Mean,0.2336928599189582,249
wavelet-HLH,firstorder,MeanAbsoluteDeviation,wavelet-HLH_firstorder_MeanAbsoluteDeviation,0.16609114628895283,137
wavelet-HLH,firstorder,Median,wavelet-HLH_firstorder_Median,0.3815557265083502,545
wavelet-HLH,firstorder,Minimum,wavelet-HLH_firstorder_Minimum,0.48809267491284863,702
wavelet-HLH,firstorder,Range,wavelet-HLH_firstorder_Range,0.40986072537785684,609
wavelet-HLH,firstorder,RobustMeanAbsoluteDeviation,wavelet-HLH_firstorder_RobustMeanAbsoluteDeviation,0.19009567838305796,168
wavelet-HLH,firstorder,RootMeanSquared,wavelet-HLH_firstorder_RootMeanSquared,NA,NA
wavelet-HLH,firstorder,Skewness,wavelet-HLH_firstorder_Skewness,0.48258373465503446,697
wavelet-HLH,firstorder,TotalEnergy,wavelet-HLH_firstorder_TotalEnergy,0,1
wavelet-HLH,firstorder,Uniformity,wavelet-HLH_firstorder_Uniformity,0.40343328248468646,592
wavelet-HLH,firstorder,Variance,wavelet-HLH_firstorder_Variance,0.201427553024486,186
wavelet-HLH,glcm,Autocorrelation,wavelet-HLH_glcm_Autocorrelation,0.4539791884440266,664
wavelet-HLH,glcm,ClusterProminence,wavelet-HLH_glcm_ClusterProminence,0.40306498525043094,590
wavelet-HLH,glcm,ClusterShade,wavelet-HLH_glcm_ClusterShade,0.5416565458148574,753
wavelet-HLH,glcm,ClusterTendency,wavelet-HLH_glcm_ClusterTendency,0.3561023753301203,495
wavelet-HLH,glcm,Contrast,wavelet-HLH_glcm_Contrast,0.5237561330177971,735
wavelet-HLH,glcm,Correlation,wavelet-HLH_glcm_Correlation,0.4644148047737523,684
wavelet-HLH,glcm,DifferenceAverage,wavelet-HLH_glcm_DifferenceAverage,0.5237561330177971,735
wavelet-HLH,glcm,DifferenceEntropy,wavelet-HLH_glcm_DifferenceEntropy,0.46580935490739206,686
wavelet-HLH,glcm,DifferenceVariance,wavelet-HLH_glcm_DifferenceVariance,0.4577680487938065,673
wavelet-HLH,glcm,Id,wavelet-HLH_glcm_Id,0.523756133017797,734
wavelet-HLH,glcm,Idm,wavelet-HLH_glcm_Idm,0.523756133017797,734
wavelet-HLH,glcm,Idmn,wavelet-HLH_glcm_Idmn,0.5237561330177969,733
wavelet-HLH,glcm,Idn,wavelet-HLH_glcm_Idn,0.5237561330177973,736
wavelet-HLH,glcm,Imc1,wavelet-HLH_glcm_Imc1,0.509370393626006,724
wavelet-HLH,glcm,Imc2,wavelet-HLH_glcm_Imc2,0.48985555788748925,704
wavelet-HLH,glcm,InverseVariance,wavelet-HLH_glcm_InverseVariance,0.5237561330177971,735
wavelet-HLH,glcm,JointAverage,wavelet-HLH_glcm_JointAverage,0.4373545093604211,647
wavelet-HLH,glcm,JointEnergy,wavelet-HLH_glcm_JointEnergy,0.4005454924857439,586
wavelet-HLH,glcm,JointEntropy,wavelet-HLH_glcm_JointEntropy,0.40487477867205235,596
wavelet-HLH,glcm,MaximumProbability,wavelet-HLH_glcm_MaximumProbability,0.46873468652995476,687
wavelet-HLH,glcm,SumEntropy,wavelet-HLH_glcm_SumEntropy,0.38851893271666776,559
wavelet-HLH,glcm,SumSquares,wavelet-HLH_glcm_SumSquares,0.3905529842695851,561
wavelet-HLH,gldm,DependenceEntropy,wavelet-HLH_gldm_DependenceEntropy,0.2930576601430152,337
wavelet-HLH,gldm,DependenceNonUniformity,wavelet-HLH_gldm_DependenceNonUniformity,0.3988241069943377,581
wavelet-HLH,gldm,DependenceNonUniformityNormalized,wavelet-HLH_gldm_DependenceNonUniformityNormalized,0.21938082417543608,222
wavelet-HLH,gldm,DependenceVariance,wavelet-HLH_gldm_DependenceVariance,0.15643444422421388,122
wavelet-HLH,gldm,GrayLevelNonUniformity,wavelet-HLH_gldm_GrayLevelNonUniformity,0.10723815397304734,42
wavelet-HLH,gldm,GrayLevelVariance,wavelet-HLH_gldm_GrayLevelVariance,0.4034332824846864,591
wavelet-HLH,gldm,HighGrayLevelEmphasis,wavelet-HLH_gldm_HighGrayLevelEmphasis,0.46068649885842744,679
wavelet-HLH,gldm,LargeDependenceEmphasis,wavelet-HLH_gldm_LargeDependenceEmphasis,0.14294888515836748,93
wavelet-HLH,gldm,LargeDependenceHighGrayLevelEmphasis,wavelet-HLH_gldm_LargeDependenceHighGrayLevelEmphasis,0.1559431806867422,120
wavelet-HLH,gldm,LargeDependenceLowGrayLevelEmphasis,wavelet-HLH_gldm_LargeDependenceLowGrayLevelEmphasis,0.18843841664886316,164
wavelet-HLH,gldm,LowGrayLevelEmphasis,wavelet-HLH_gldm_LowGrayLevelEmphasis,0.4606864988584274,678
wavelet-HLH,gldm,SmallDependenceEmphasis,wavelet-HLH_gldm_SmallDependenceEmphasis,0.2753776709021625,313
wavelet-HLH,gldm,SmallDependenceHighGrayLevelEmphasis,wavelet-HLH_gldm_SmallDependenceHighGrayLevelEmphasis,0.21721833895358447,216
wavelet-HLH,gldm,SmallDependenceLowGrayLevelEmphasis,wavelet-HLH_gldm_SmallDependenceLowGrayLevelEmphasis,0.37590824236665277,530
wavelet-HLH,glrlm,GrayLevelNonUniformity,wavelet-HLH_glrlm_GrayLevelNonUniformity,0.21306416864621566,209
wavelet-HLH,glrlm,GrayLevelNonUniformityNormalized,wavelet-HLH_glrlm_GrayLevelNonUniformityNormalized,0.378737964676672,535
wavelet-HLH,glrlm,GrayLevelVariance,wavelet-HLH_glrlm_GrayLevelVariance,0.37873796467667187,534
wavelet-HLH,glrlm,HighGrayLevelRunEmphasis,wavelet-HLH_glrlm_HighGrayLevelRunEmphasis,0.4628373835716373,681
wavelet-HLH,glrlm,LongRunEmphasis,wavelet-HLH_glrlm_LongRunEmphasis,0.14298986482433226,94
wavelet-HLH,glrlm,LongRunHighGrayLevelEmphasis,wavelet-HLH_glrlm_LongRunHighGrayLevelEmphasis,0.15903518352555798,128
wavelet-HLH,glrlm,LongRunLowGrayLevelEmphasis,wavelet-HLH_glrlm_LongRunLowGrayLevelEmphasis,0.1540697086031545,114
wavelet-HLH,glrlm,LowGrayLevelRunEmphasis,wavelet-HLH_glrlm_LowGrayLevelRunEmphasis,0.4628373835716374,682
wavelet-HLH,glrlm,RunEntropy,wavelet-HLH_glrlm_RunEntropy,0.14021590306906545,90
wavelet-HLH,glrlm,RunLengthNonUniformity,wavelet-HLH_glrlm_RunLengthNonUniformity,0.35402212179103226,488
wavelet-HLH,glrlm,RunLengthNonUniformityNormalized,wavelet-HLH_glrlm_RunLengthNonUniformityNormalized,0.15988449784625178,130
wavelet-HLH,glrlm,RunPercentage,wavelet-HLH_glrlm_RunPercentage,0.15922925925749257,129
wavelet-HLH,glrlm,RunVariance,wavelet-HLH_glrlm_RunVariance,0.1633758148037007,134
wavelet-HLH,glrlm,ShortRunEmphasis,wavelet-HLH_glrlm_ShortRunEmphasis,0.15832270984450672,127
wavelet-HLH,glrlm,ShortRunHighGrayLevelEmphasis,wavelet-HLH_glrlm_ShortRunHighGrayLevelEmphasis,0.1058032893559732,40
wavelet-HLH,glrlm,ShortRunLowGrayLevelEmphasis,wavelet-HLH_glrlm_ShortRunLowGrayLevelEmphasis,0.4372366471155143,645
wavelet-HLH,glszm,GrayLevelNonUniformity,wavelet-HLH_glszm_GrayLevelNonUniformity,0.458094051615073,676
wavelet-HLH,glszm,GrayLevelNonUniformityNormalized,wavelet-HLH_glszm_GrayLevelNonUniformityNormalized,0.1980150678484808,179
wavelet-HLH,glszm,GrayLevelVariance,wavelet-HLH_glszm_GrayLevelVariance,0.1980150678484808,179
wavelet-HLH,glszm,HighGrayLevelZoneEmphasis,wavelet-HLH_glszm_HighGrayLevelZoneEmphasis,0.2550820642309994,283
wavelet-HLH,glszm,LargeAreaEmphasis,wavelet-HLH_glszm_LargeAreaEmphasis,0.1541452279879132,115
wavelet-HLH,glszm,LargeAreaHighGrayLevelEmphasis,wavelet-HLH_glszm_LargeAreaHighGrayLevelEmphasis,0.1534259795529818,113
wavelet-HLH,glszm,LargeAreaLowGrayLevelEmphasis,wavelet-HLH_glszm_LargeAreaLowGrayLevelEmphasis,0.1606110714523319,131
wavelet-HLH,glszm,LowGrayLevelZoneEmphasis,wavelet-HLH_glszm_LowGrayLevelZoneEmphasis,0.2550820642309994,283
wavelet-HLH,glszm,SizeZoneNonUniformity,wavelet-HLH_glszm_SizeZoneNonUniformity,0.5172791900244219,731
wavelet-HLH,glszm,SizeZoneNonUniformityNormalized,wavelet-HLH_glszm_SizeZoneNonUniformityNormalized,0.5755580799705071,770
wavelet-HLH,glszm,SmallAreaEmphasis,wavelet-HLH_glszm_SmallAreaEmphasis,0.5350006224762385,747
wavelet-HLH,glszm,SmallAreaHighGrayLevelEmphasis,wavelet-HLH_glszm_SmallAreaHighGrayLevelEmphasis,0.373908859949787,527
wavelet-HLH,glszm,SmallAreaLowGrayLevelEmphasis,wavelet-HLH_glszm_SmallAreaLowGrayLevelEmphasis,0.5208032418204949,732
wavelet-HLH,glszm,ZoneEntropy,wavelet-HLH_glszm_ZoneEntropy,0.5117821053413293,725
wavelet-HLH,glszm,ZonePercentage,wavelet-HLH_glszm_ZonePercentage,0.2895365578890459,327
wavelet-HLH,glszm,ZoneVariance,wavelet-HLH_glszm_ZoneVariance,0.14951538171323098,108
wavelet-HLH,ngtdm,Busyness,wavelet-HLH_ngtdm_Busyness,0.7047417618883962,786
wavelet-HLH,ngtdm,Coarseness,wavelet-HLH_ngtdm_Coarseness,0.3346752808904264,441
wavelet-HLH,ngtdm,Complexity,wavelet-HLH_ngtdm_Complexity,0.5443354772511281,756
wavelet-HLH,ngtdm,Contrast,wavelet-HLH_ngtdm_Contrast,0.5615597296387076,763
wavelet-HLH,ngtdm,Strength,wavelet-HLH_ngtdm_Strength,0.324935654156711,409
wavelet-HLL,firstorder,10Percentile,wavelet-HLL_firstorder_10Percentile,0.26624152916381394,301
wavelet-HLL,firstorder,90Percentile,wavelet-HLL_firstorder_90Percentile,0.12295818016634918,63
wavelet-HLL,firstorder,Energy,wavelet-HLL_firstorder_Energy,0.09707621590529138,33
wavelet-HLL,firstorder,Entropy,wavelet-HLL_firstorder_Entropy,0.22797921117433112,239
wavelet-HLL,firstorder,InterquartileRange,wavelet-HLL_firstorder_InterquartileRange,0.14710408313565038,105
wavelet-HLL,firstorder,Kurtosis,wavelet-HLL_firstorder_Kurtosis,0.1749003753696666,147
wavelet-HLL,firstorder,Maximum,wavelet-HLL_firstorder_Maximum,0.33756294146150795,444
wavelet-HLL,firstorder,Mean,wavelet-HLL_firstorder_Mean,0.12507900746081024,67
wavelet-HLL,firstorder,MeanAbsoluteDeviation,wavelet-HLL_firstorder_MeanAbsoluteDeviation,0.10613236038941136,41
wavelet-HLL,firstorder,Median,wavelet-HLL_firstorder_Median,0.30857009153800424,369
wavelet-HLL,firstorder,Minimum,wavelet-HLL_firstorder_Minimum,0.32170351305102773,401
wavelet-HLL,firstorder,Range,wavelet-HLL_firstorder_Range,0.27744313459444014,316
wavelet-HLL,firstorder,RobustMeanAbsoluteDeviation,wavelet-HLL_firstorder_RobustMeanAbsoluteDeviation,0.1211260557235214,62
wavelet-HLL,firstorder,RootMeanSquared,wavelet-HLL_firstorder_RootMeanSquared,0.09607955090969475,30
wavelet-HLL,firstorder,Skewness,wavelet-HLL_firstorder_Skewness,0.2968765446452528,350
wavelet-HLL,firstorder,TotalEnergy,wavelet-HLL_firstorder_TotalEnergy,0.09707621590529135,32
wavelet-HLL,firstorder,Uniformity,wavelet-HLL_firstorder_Uniformity,0.20046396377729375,184
wavelet-HLL,firstorder,Variance,wavelet-HLL_firstorder_Variance,0.11445783363360627,52
wavelet-HLL,glcm,Autocorrelation,wavelet-HLL_glcm_Autocorrelation,0.2567428005453139,288
wavelet-HLL,glcm,ClusterProminence,wavelet-HLL_glcm_ClusterProminence,0.14827014837562394,106
wavelet-HLL,glcm,ClusterShade,wavelet-HLL_glcm_ClusterShade,0.3522593445060985,486
wavelet-HLL,glcm,ClusterTendency,wavelet-HLL_glcm_ClusterTendency,0.09937407800512062,35
wavelet-HLL,glcm,Contrast,wavelet-HLL_glcm_Contrast,0.1548636207407567,118
wavelet-HLL,glcm,Correlation,wavelet-HLL_glcm_Correlation,0.2959799919803155,347
wavelet-HLL,glcm,DifferenceAverage,wavelet-HLL_glcm_DifferenceAverage,0.16840379169761155,140
wavelet-HLL,glcm,DifferenceEntropy,wavelet-HLL_glcm_DifferenceEntropy,0.3592881736954145,502
wavelet-HLL,glcm,DifferenceVariance,wavelet-HLL_glcm_DifferenceVariance,0.15442100387659027,117
wavelet-HLL,glcm,Id,wavelet-HLL_glcm_Id,0.25624072257879155,286
wavelet-HLL,glcm,Idm,wavelet-HLL_glcm_Idm,0.29014322291995553,328
wavelet-HLL,glcm,Idmn,wavelet-HLL_glcm_Idmn,0.24415058154610886,264
wavelet-HLL,glcm,Idn,wavelet-HLL_glcm_Idn,0.2684512391152527,305
wavelet-HLL,glcm,Imc1,wavelet-HLL_glcm_Imc1,0.11183820417689253,47
wavelet-HLL,glcm,Imc2,wavelet-HLL_glcm_Imc2,0.10330165687391125,36
wavelet-HLL,glcm,InverseVariance,wavelet-HLL_glcm_InverseVariance,0.2743086864454802,312
wavelet-HLL,glcm,JointAverage,wavelet-HLL_glcm_JointAverage,0.257275654729265,289
wavelet-HLL,glcm,JointEnergy,wavelet-HLL_glcm_JointEnergy,0.10506673932504691,39
wavelet-HLL,glcm,JointEntropy,wavelet-HLL_glcm_JointEntropy,0.07496912724005807,13
wavelet-HLL,glcm,MaximumProbability,wavelet-HLL_glcm_MaximumProbability,0.48299198086326234,698
wavelet-HLL,glcm,SumEntropy,wavelet-HLL_glcm_SumEntropy,0.22224271917666993,229
wavelet-HLL,glcm,SumSquares,wavelet-HLL_glcm_SumSquares,0.11439576508727191,51
wavelet-HLL,gldm,DependenceEntropy,wavelet-HLL_gldm_DependenceEntropy,0.4559071956045474,669
wavelet-HLL,gldm,DependenceNonUniformity,wavelet-HLL_gldm_DependenceNonUniformity,0.5526819450421302,759
wavelet-HLL,gldm,DependenceNonUniformityNormalized,wavelet-HLL_gldm_DependenceNonUniformityNormalized,0.3800291886912385,543
wavelet-HLL,gldm,DependenceVariance,wavelet-HLL_gldm_DependenceVariance,0.2780728308637109,317
wavelet-HLL,gldm,GrayLevelNonUniformity,wavelet-HLL_gldm_GrayLevelNonUniformity,0.11430747520170051,50
wavelet-HLL,gldm,GrayLevelVariance,wavelet-HLL_gldm_GrayLevelVariance,0.11447098251049709,53
wavelet-HLL,gldm,HighGrayLevelEmphasis,wavelet-HLL_gldm_HighGrayLevelEmphasis,0.24219915789763474,259
wavelet-HLL,gldm,LargeDependenceEmphasis,wavelet-HLL_gldm_LargeDependenceEmphasis,0.31424971318904293,385
wavelet-HLL,gldm,LargeDependenceHighGrayLevelEmphasis,wavelet-HLL_gldm_LargeDependenceHighGrayLevelEmphasis,0.32531828001590357,412
wavelet-HLL,gldm,LargeDependenceLowGrayLevelEmphasis,wavelet-HLL_gldm_LargeDependenceLowGrayLevelEmphasis,0.21540032740720347,212
wavelet-HLL,gldm,LowGrayLevelEmphasis,wavelet-HLL_gldm_LowGrayLevelEmphasis,0.394466367134928,571
wavelet-HLL,gldm,SmallDependenceEmphasis,wavelet-HLL_gldm_SmallDependenceEmphasis,0.3685779387631174,519
wavelet-HLL,gldm,SmallDependenceHighGrayLevelEmphasis,wavelet-HLL_gldm_SmallDependenceHighGrayLevelEmphasis,0.24950043918142775,275
wavelet-HLL,gldm,SmallDependenceLowGrayLevelEmphasis,wavelet-HLL_gldm_SmallDependenceLowGrayLevelEmphasis,0.4194699561334498,617
wavelet-HLL,glrlm,GrayLevelNonUniformity,wavelet-HLL_glrlm_GrayLevelNonUniformity,0.11393906800191039,48
wavelet-HLL,glrlm,GrayLevelNonUniformityNormalized,wavelet-HLL_glrlm_GrayLevelNonUniformityNormalized,0.20303090918299727,191
wavelet-HLL,glrlm,GrayLevelVariance,wavelet-HLL_glrlm_GrayLevelVariance,0.115525792957328,58
wavelet-HLL,glrlm,HighGrayLevelRunEmphasis,wavelet-HLL_glrlm_HighGrayLevelRunEmphasis,0.24320445246343037,262
wavelet-HLL,glrlm,LongRunEmphasis,wavelet-HLL_glrlm_LongRunEmphasis,0.3229769978938082,405
wavelet-HLL,glrlm,LongRunHighGrayLevelEmphasis,wavelet-HLL_glrlm_LongRunHighGrayLevelEmphasis,0.24816250604323403,272
wavelet-HLL,glrlm,LongRunLowGrayLevelEmphasis,wavelet-HLL_glrlm_LongRunLowGrayLevelEmphasis,0.3728511644807,526
wavelet-HLL,glrlm,LowGrayLevelRunEmphasis,wavelet-HLL_glrlm_LowGrayLevelRunEmphasis,0.4005234113652921,585
wavelet-HLL,glrlm,RunEntropy,wavelet-HLL_glrlm_RunEntropy,0.25502930945744007,282
wavelet-HLL,glrlm,RunLengthNonUniformity,wavelet-HLL_glrlm_RunLengthNonUniformity,0.08893177648419927,25
wavelet-HLL,glrlm,RunLengthNonUniformityNormalized,wavelet-HLL_glrlm_RunLengthNonUniformityNormalized,0.35064620612219316,481
wavelet-HLL,glrlm,RunPercentage,wavelet-HLL_glrlm_RunPercentage,0.3373862099190451,443
wavelet-HLL,glrlm,RunVariance,wavelet-HLL_glrlm_RunVariance,0.30108626653676235,357
wavelet-HLL,glrlm,ShortRunEmphasis,wavelet-HLL_glrlm_ShortRunEmphasis,0.34780883065509943,476
wavelet-HLL,glrlm,ShortRunHighGrayLevelEmphasis,wavelet-HLL_glrlm_ShortRunHighGrayLevelEmphasis,0.24322786164608556,263
wavelet-HLL,glrlm,ShortRunLowGrayLevelEmphasis,wavelet-HLL_glrlm_ShortRunLowGrayLevelEmphasis,0.40568861453013944,597
wavelet-HLL,glszm,GrayLevelNonUniformity,wavelet-HLL_glszm_GrayLevelNonUniformity,0.13164918762972558,77
wavelet-HLL,glszm,GrayLevelNonUniformityNormalized,wavelet-HLL_glszm_GrayLevelNonUniformityNormalized,0.22414946412070952,233
wavelet-HLL,glszm,GrayLevelVariance,wavelet-HLL_glszm_GrayLevelVariance,0.12399988472760932,65
wavelet-HLL,glszm,HighGrayLevelZoneEmphasis,wavelet-HLL_glszm_HighGrayLevelZoneEmphasis,0.24761571570530175,271
wavelet-HLL,glszm,LargeAreaEmphasis,wavelet-HLL_glszm_LargeAreaEmphasis,0.29565217097238883,345
wavelet-HLL,glszm,LargeAreaHighGrayLevelEmphasis,wavelet-HLL_glszm_LargeAreaHighGrayLevelEmphasis,0.29551270775489774,343
wavelet-HLL,glszm,LargeAreaLowGrayLevelEmphasis,wavelet-HLL_glszm_LargeAreaLowGrayLevelEmphasis,0.30964674538754494,372
wavelet-HLL,glszm,LowGrayLevelZoneEmphasis,wavelet-HLL_glszm_LowGrayLevelZoneEmphasis,0.4118122554047018,610
wavelet-HLL,glszm,SizeZoneNonUniformity,wavelet-HLL_glszm_SizeZoneNonUniformity,0.4942256248733306,708
wavelet-HLL,glszm,SizeZoneNonUniformityNormalized,wavelet-HLL_glszm_SizeZoneNonUniformityNormalized,0.39235875175820617,564
wavelet-HLL,glszm,SmallAreaEmphasis,wavelet-HLL_glszm_SmallAreaEmphasis,0.3849577306481304,553
wavelet-HLL,glszm,SmallAreaHighGrayLevelEmphasis,wavelet-HLL_glszm_SmallAreaHighGrayLevelEmphasis,0.25129912069929183,279
wavelet-HLL,glszm,SmallAreaLowGrayLevelEmphasis,wavelet-HLL_glszm_SmallAreaLowGrayLevelEmphasis,0.4118219423854799,611
wavelet-HLL,glszm,ZoneEntropy,wavelet-HLL_glszm_ZoneEntropy,0.39034249634566565,560
wavelet-HLL,glszm,ZonePercentage,wavelet-HLL_glszm_ZonePercentage,0.34884064026169753,479
wavelet-HLL,glszm,ZoneVariance,wavelet-HLL_glszm_ZoneVariance,0.24173660065666985,258
wavelet-HLL,ngtdm,Busyness,wavelet-HLL_ngtdm_Busyness,0.395391863201249,574
wavelet-HLL,ngtdm,Coarseness,wavelet-HLL_ngtdm_Coarseness,0.4466144168042743,655
wavelet-HLL,ngtdm,Complexity,wavelet-HLL_ngtdm_Complexity,0.1811283530490793,152
wavelet-HLL,ngtdm,Contrast,wavelet-HLL_ngtdm_Contrast,0.17703931375089485,148
wavelet-HLL,ngtdm,Strength,wavelet-HLL_ngtdm_Strength,0.1670735496597912,138
wavelet-LHH,firstorder,10Percentile,wavelet-LHH_firstorder_10Percentile,0.738816606672344,792
wavelet-LHH,firstorder,90Percentile,wavelet-LHH_firstorder_90Percentile,0.23642190410209968,252
wavelet-LHH,firstorder,Energy,wavelet-LHH_firstorder_Energy,0,1
wavelet-LHH,firstorder,Entropy,wavelet-LHH_firstorder_Entropy,0.3939220954734671,567
wavelet-LHH,firstorder,InterquartileRange,wavelet-LHH_firstorder_InterquartileRange,0.34420550775844516,463
wavelet-LHH,firstorder,Kurtosis,wavelet-LHH_firstorder_Kurtosis,0.4535741189535858,663
wavelet-LHH,firstorder,Maximum,wavelet-LHH_firstorder_Maximum,0.3280452913888441,420
wavelet-LHH,firstorder,Mean,wavelet-LHH_firstorder_Mean,0.21189699501509413,204
wavelet-LHH,firstorder,MeanAbsoluteDeviation,wavelet-LHH_firstorder_MeanAbsoluteDeviation,0.21285834365810943,208
wavelet-LHH,firstorder,Median,wavelet-LHH_firstorder_Median,0.33360765013048743,439
wavelet-LHH,firstorder,Minimum,wavelet-LHH_firstorder_Minimum,0.4341721273257516,638
wavelet-LHH,firstorder,Range,wavelet-LHH_firstorder_Range,0.32112627937126464,400
wavelet-LHH,firstorder,RobustMeanAbsoluteDeviation,wavelet-LHH_firstorder_RobustMeanAbsoluteDeviation,0.2772569130579183,315
wavelet-LHH,firstorder,RootMeanSquared,wavelet-LHH_firstorder_RootMeanSquared,NA,NA
wavelet-LHH,firstorder,Skewness,wavelet-LHH_firstorder_Skewness,0.5127664003495046,726
wavelet-LHH,firstorder,TotalEnergy,wavelet-LHH_firstorder_TotalEnergy,0,1
wavelet-LHH,firstorder,Uniformity,wavelet-LHH_firstorder_Uniformity,0.39403106473556454,568
wavelet-LHH,firstorder,Variance,wavelet-LHH_firstorder_Variance,0.23741474652928052,253
wavelet-LHH,glcm,Autocorrelation,wavelet-LHH_glcm_Autocorrelation,0.4520863753563568,660
wavelet-LHH,glcm,ClusterProminence,wavelet-LHH_glcm_ClusterProminence,0.45621659872058223,670
wavelet-LHH,glcm,ClusterShade,wavelet-LHH_glcm_ClusterShade,0.40042799131977336,584
wavelet-LHH,glcm,ClusterTendency,wavelet-LHH_glcm_ClusterTendency,0.4620981617771467,680
wavelet-LHH,glcm,Contrast,wavelet-LHH_glcm_Contrast,0.5054295414708428,720
wavelet-LHH,glcm,Correlation,wavelet-LHH_glcm_Correlation,0.48638961357972416,701
wavelet-LHH,glcm,DifferenceAverage,wavelet-LHH_glcm_DifferenceAverage,0.5054295414708428,720
wavelet-LHH,glcm,DifferenceEntropy,wavelet-LHH_glcm_DifferenceEntropy,0.40471927940744407,595
wavelet-LHH,glcm,DifferenceVariance,wavelet-LHH_glcm_DifferenceVariance,0.40579665260509423,599
wavelet-LHH,glcm,Id,wavelet-LHH_glcm_Id,0.5054295414708425,719
wavelet-LHH,glcm,Idm,wavelet-LHH_glcm_Idm,0.5054295414708425,719
wavelet-LHH,glcm,Idmn,wavelet-LHH_glcm_Idmn,0.5054295414708422,718
wavelet-LHH,glcm,Idn,wavelet-LHH_glcm_Idn,0.5054295414708428,720
wavelet-LHH,glcm,Imc1,wavelet-LHH_glcm_Imc1,0.5408172123557443,752
wavelet-LHH,glcm,Imc2,wavelet-LHH_glcm_Imc2,0.5998967079798766,777
wavelet-LHH,glcm,InverseVariance,wavelet-LHH_glcm_InverseVariance,0.5054295414708428,720
wavelet-LHH,glcm,JointAverage,wavelet-LHH_glcm_JointAverage,0.4530039280863629,662
wavelet-LHH,glcm,JointEnergy,wavelet-LHH_glcm_JointEnergy,0.3835071787571239,548
wavelet-LHH,glcm,JointEntropy,wavelet-LHH_glcm_JointEntropy,0.4217657408589338,621
wavelet-LHH,glcm,MaximumProbability,wavelet-LHH_glcm_MaximumProbability,0.41830130389508635,616
wavelet-LHH,glcm,SumEntropy,wavelet-LHH_glcm_SumEntropy,0.5070628937823043,722
wavelet-LHH,glcm,SumSquares,wavelet-LHH_glcm_SumSquares,0.40729933570627547,601
wavelet-LHH,gldm,DependenceEntropy,wavelet-LHH_gldm_DependenceEntropy,0.2593116914695957,290
wavelet-LHH,gldm,DependenceNonUniformity,wavelet-LHH_gldm_DependenceNonUniformity,0.40911319265277446,607
wavelet-LHH,gldm,DependenceNonUniformityNormalized,wavelet-LHH_gldm_DependenceNonUniformityNormalized,0.2567038182843815,287
wavelet-LHH,gldm,DependenceVariance,wavelet-LHH_gldm_DependenceVariance,0.19995196729834627,182
wavelet-LHH,gldm,GrayLevelNonUniformity,wavelet-LHH_gldm_GrayLevelNonUniformity,0.11490490953649508,55
wavelet-LHH,gldm,GrayLevelVariance,wavelet-LHH_gldm_GrayLevelVariance,0.3940310647355646,569
wavelet-LHH,gldm,HighGrayLevelEmphasis,wavelet-LHH_gldm_HighGrayLevelEmphasis,0.40880158566494823,605
wavelet-LHH,gldm,LargeDependenceEmphasis,wavelet-LHH_gldm_LargeDependenceEmphasis,0.1723598912141847,143
wavelet-LHH,gldm,LargeDependenceHighGrayLevelEmphasis,wavelet-LHH_gldm_LargeDependenceHighGrayLevelEmphasis,0.22419496851568588,234
wavelet-LHH,gldm,LargeDependenceLowGrayLevelEmphasis,wavelet-LHH_gldm_LargeDependenceLowGrayLevelEmphasis,0.2025830667313512,190
wavelet-LHH,gldm,LowGrayLevelEmphasis,wavelet-LHH_gldm_LowGrayLevelEmphasis,0.40880158566494823,605
wavelet-LHH,gldm,SmallDependenceEmphasis,wavelet-LHH_gldm_SmallDependenceEmphasis,0.2678838237544702,303
wavelet-LHH,gldm,SmallDependenceHighGrayLevelEmphasis,wavelet-LHH_gldm_SmallDependenceHighGrayLevelEmphasis,0.28736487133664196,326
wavelet-LHH,gldm,SmallDependenceLowGrayLevelEmphasis,wavelet-LHH_gldm_SmallDependenceLowGrayLevelEmphasis,0.29185304991086797,331
wavelet-LHH,glrlm,GrayLevelNonUniformity,wavelet-LHH_glrlm_GrayLevelNonUniformity,0.19302108736128504,172
wavelet-LHH,glrlm,GrayLevelNonUniformityNormalized,wavelet-LHH_glrlm_GrayLevelNonUniformityNormalized,0.27380988881637397,311
wavelet-LHH,glrlm,GrayLevelVariance,wavelet-LHH_glrlm_GrayLevelVariance,0.27380988881637386,310
wavelet-LHH,glrlm,HighGrayLevelRunEmphasis,wavelet-LHH_glrlm_HighGrayLevelRunEmphasis,0.29188297361147336,333
wavelet-LHH,glrlm,LongRunEmphasis,wavelet-LHH_glrlm_LongRunEmphasis,0.17839083739069353,149
wavelet-LHH,glrlm,LongRunHighGrayLevelEmphasis,wavelet-LHH_glrlm_LongRunHighGrayLevelEmphasis,0.24289033733080065,261
wavelet-LHH,glrlm,LongRunLowGrayLevelEmphasis,wavelet-LHH_glrlm_LongRunLowGrayLevelEmphasis,0.16199277515344349,133
wavelet-LHH,glrlm,LowGrayLevelRunEmphasis,wavelet-LHH_glrlm_LowGrayLevelRunEmphasis,0.29188297361147325,332
wavelet-LHH,glrlm,RunEntropy,wavelet-LHH_glrlm_RunEntropy,0.15665977651022525,125
wavelet-LHH,glrlm,RunLengthNonUniformity,wavelet-LHH_glrlm_RunLengthNonUniformity,0.45786270651624317,674
wavelet-LHH,glrlm,RunLengthNonUniformityNormalized,wavelet-LHH_glrlm_RunLengthNonUniformityNormalized,0.18902306831772928,165
wavelet-LHH,glrlm,RunPercentage,wavelet-LHH_glrlm_RunPercentage,0.19146579097800892,169
wavelet-LHH,glrlm,RunVariance,wavelet-LHH_glrlm_RunVariance,0.24233378381904846,260
wavelet-LHH,glrlm,ShortRunEmphasis,wavelet-LHH_glrlm_ShortRunEmphasis,0.18172196385497374,154
wavelet-LHH,glrlm,ShortRunHighGrayLevelEmphasis,wavelet-LHH_glrlm_ShortRunHighGrayLevelEmphasis,0.11888310380407009,60
wavelet-LHH,glrlm,ShortRunLowGrayLevelEmphasis,wavelet-LHH_glrlm_ShortRunLowGrayLevelEmphasis,0.4369975467548837,644
wavelet-LHH,glszm,GrayLevelNonUniformity,wavelet-LHH_glszm_GrayLevelNonUniformity,0.5986221469953399,775
wavelet-LHH,glszm,GrayLevelNonUniformityNormalized,wavelet-LHH_glszm_GrayLevelNonUniformityNormalized,0.39474460088083263,573
wavelet-LHH,glszm,GrayLevelVariance,wavelet-LHH_glszm_GrayLevelVariance,0.3947446008808325,572
wavelet-LHH,glszm,HighGrayLevelZoneEmphasis,wavelet-LHH_glszm_HighGrayLevelZoneEmphasis,0.4281656363110591,628
wavelet-LHH,glszm,LargeAreaEmphasis,wavelet-LHH_glszm_LargeAreaEmphasis,0.26294652717318595,295
wavelet-LHH,glszm,LargeAreaHighGrayLevelEmphasis,wavelet-LHH_glszm_LargeAreaHighGrayLevelEmphasis,0.2794578761288281,319
wavelet-LHH,glszm,LargeAreaLowGrayLevelEmphasis,wavelet-LHH_glszm_LargeAreaLowGrayLevelEmphasis,0.22070869141583074,223
wavelet-LHH,glszm,LowGrayLevelZoneEmphasis,wavelet-LHH_glszm_LowGrayLevelZoneEmphasis,0.42816563631105903,627
wavelet-LHH,glszm,SizeZoneNonUniformity,wavelet-LHH_glszm_SizeZoneNonUniformity,0.4579648542197133,675
wavelet-LHH,glszm,SizeZoneNonUniformityNormalized,wavelet-LHH_glszm_SizeZoneNonUniformityNormalized,0.39353798370377263,566
wavelet-LHH,glszm,SmallAreaEmphasis,wavelet-LHH_glszm_SmallAreaEmphasis,0.32746048293370983,418
wavelet-LHH,glszm,SmallAreaHighGrayLevelEmphasis,wavelet-LHH_glszm_SmallAreaHighGrayLevelEmphasis,0.4554380458459732,668
wavelet-LHH,glszm,SmallAreaLowGrayLevelEmphasis,wavelet-LHH_glszm_SmallAreaLowGrayLevelEmphasis,0.3301902589923878,428
wavelet-LHH,glszm,ZoneEntropy,wavelet-LHH_glszm_ZoneEntropy,0.43353712652655946,636
wavelet-LHH,glszm,ZonePercentage,wavelet-LHH_glszm_ZonePercentage,0.36095340494094524,507
wavelet-LHH,glszm,ZoneVariance,wavelet-LHH_glszm_ZoneVariance,0.2632787041886806,296
wavelet-LHH,ngtdm,Busyness,wavelet-LHH_ngtdm_Busyness,0.2722773330830066,307
wavelet-LHH,ngtdm,Coarseness,wavelet-LHH_ngtdm_Coarseness,0.23204156894215433,246
wavelet-LHH,ngtdm,Complexity,wavelet-LHH_ngtdm_Complexity,0.5345861075307401,746
wavelet-LHH,ngtdm,Contrast,wavelet-LHH_ngtdm_Contrast,0.49952670542173705,713
wavelet-LHH,ngtdm,Strength,wavelet-LHH_ngtdm_Strength,0.23067180457980546,245
wavelet-LHL,firstorder,10Percentile,wavelet-LHL_firstorder_10Percentile,0.59241451534482,774
wavelet-LHL,firstorder,90Percentile,wavelet-LHL_firstorder_90Percentile,0.1501067431047767,110
wavelet-LHL,firstorder,Energy,wavelet-LHL_firstorder_Energy,0.0852821319276803,22
wavelet-LHL,firstorder,Entropy,wavelet-LHL_firstorder_Entropy,0.326334805334577,416
wavelet-LHL,firstorder,InterquartileRange,wavelet-LHL_firstorder_InterquartileRange,0.3202241981377836,398
wavelet-LHL,firstorder,Kurtosis,wavelet-LHL_firstorder_Kurtosis,0.3423525665500872,457
wavelet-LHL,firstorder,Maximum,wavelet-LHL_firstorder_Maximum,0.21721456739941944,215
wavelet-LHL,firstorder,Mean,wavelet-LHL_firstorder_Mean,0.10802530325879807,43
wavelet-LHL,firstorder,MeanAbsoluteDeviation,wavelet-LHL_firstorder_MeanAbsoluteDeviation,0.1511379897549898,111
wavelet-LHL,firstorder,Median,wavelet-LHL_firstorder_Median,0.3128616302896789,380
wavelet-LHL,firstorder,Minimum,wavelet-LHL_firstorder_Minimum,0.15775687181310563,126
wavelet-LHL,firstorder,Range,wavelet-LHL_firstorder_Range,0.1543141578017448,116
wavelet-LHL,firstorder,RobustMeanAbsoluteDeviation,wavelet-LHL_firstorder_RobustMeanAbsoluteDeviation,0.22974304874538773,242
wavelet-LHL,firstorder,RootMeanSquared,wavelet-LHL_firstorder_RootMeanSquared,0.08858655061000342,24
wavelet-LHL,firstorder,Skewness,wavelet-LHL_firstorder_Skewness,0.297972037672561,353
wavelet-LHL,firstorder,TotalEnergy,wavelet-LHL_firstorder_TotalEnergy,0.08528213192768029,21
wavelet-LHL,firstorder,Uniformity,wavelet-LHL_firstorder_Uniformity,0.35116244412753284,483
wavelet-LHL,firstorder,Variance,wavelet-LHL_firstorder_Variance,0.12769784222425223,72
wavelet-LHL,glcm,Autocorrelation,wavelet-LHL_glcm_Autocorrelation,0.14646654825584476,104
wavelet-LHL,glcm,ClusterProminence,wavelet-LHL_glcm_ClusterProminence,0.12481072806285773,66
wavelet-LHL,glcm,ClusterShade,wavelet-LHL_glcm_ClusterShade,0.29705478860201306,351
wavelet-LHL,glcm,ClusterTendency,wavelet-LHL_glcm_ClusterTendency,0.11546378716820317,57
wavelet-LHL,glcm,Contrast,wavelet-LHL_glcm_Contrast,0.1358063546459039,83
wavelet-LHL,glcm,Correlation,wavelet-LHL_glcm_Correlation,0.21203234304811505,206
wavelet-LHL,glcm,DifferenceAverage,wavelet-LHL_glcm_DifferenceAverage,0.2088685663090287,198
wavelet-LHL,glcm,DifferenceEntropy,wavelet-LHL_glcm_DifferenceEntropy,0.5256532644713713,738
wavelet-LHL,glcm,DifferenceVariance,wavelet-LHL_glcm_DifferenceVariance,0.11405391554412855,49
wavelet-LHL,glcm,Id,wavelet-LHL_glcm_Id,0.3345918437958361,440
wavelet-LHL,glcm,Idm,wavelet-LHL_glcm_Idm,0.34053406740914655,455
wavelet-LHL,glcm,Idmn,wavelet-LHL_glcm_Idmn,0.3909214123554658,562
wavelet-LHL,glcm,Idn,wavelet-LHL_glcm_Idn,0.4922383494803705,705
wavelet-LHL,glcm,Imc1,wavelet-LHL_glcm_Imc1,0.13787160412979022,84
wavelet-LHL,glcm,Imc2,wavelet-LHL_glcm_Imc2,0.15138480579191999,112
wavelet-LHL,glcm,InverseVariance,wavelet-LHL_glcm_InverseVariance,0.3196938105474903,396
wavelet-LHL,glcm,JointAverage,wavelet-LHL_glcm_JointAverage,0.14917439276304303,107
wavelet-LHL,glcm,JointEnergy,wavelet-LHL_glcm_JointEnergy,0.1152304186213277,56
wavelet-LHL,glcm,JointEntropy,wavelet-LHL_glcm_JointEntropy,0.08106444828110557,17
wavelet-LHL,glcm,MaximumProbability,wavelet-LHL_glcm_MaximumProbability,0.37856997936005604,533
wavelet-LHL,glcm,SumEntropy,wavelet-LHL_glcm_SumEntropy,0.22335411870131094,232
wavelet-LHL,glcm,SumSquares,wavelet-LHL_glcm_SumSquares,0.1194707037585906,61
wavelet-LHL,gldm,DependenceEntropy,wavelet-LHL_gldm_DependenceEntropy,0.3784570291651337,532
wavelet-LHL,gldm,DependenceNonUniformity,wavelet-LHL_gldm_DependenceNonUniformity,0.5588855464756785,761
wavelet-LHL,gldm,DependenceNonUniformityNormalized,wavelet-LHL_gldm_DependenceNonUniformityNormalized,0.39351291398141125,565
wavelet-LHL,gldm,DependenceVariance,wavelet-LHL_gldm_DependenceVariance,0.33787996809618076,445
wavelet-LHL,gldm,GrayLevelNonUniformity,wavelet-LHL_gldm_GrayLevelNonUniformity,0.17304782507789915,145
wavelet-LHL,gldm,GrayLevelVariance,wavelet-LHL_gldm_GrayLevelVariance,0.12818255878344945,73
wavelet-LHL,gldm,HighGrayLevelEmphasis,wavelet-LHL_gldm_HighGrayLevelEmphasis,0.14028534447111535,91
wavelet-LHL,gldm,LargeDependenceEmphasis,wavelet-LHL_gldm_LargeDependenceEmphasis,0.330992861346836,429
wavelet-LHL,gldm,LargeDependenceHighGrayLevelEmphasis,wavelet-LHL_gldm_LargeDependenceHighGrayLevelEmphasis,0.19557905193033365,176
wavelet-LHL,gldm,LargeDependenceLowGrayLevelEmphasis,wavelet-LHL_gldm_LargeDependenceLowGrayLevelEmphasis,0.14459927948150034,98
wavelet-LHL,gldm,LowGrayLevelEmphasis,wavelet-LHL_gldm_LowGrayLevelEmphasis,0.19857098932320255,180
wavelet-LHL,gldm,SmallDependenceEmphasis,wavelet-LHL_gldm_SmallDependenceEmphasis,0.3555316879713919,493
wavelet-LHL,gldm,SmallDependenceHighGrayLevelEmphasis,wavelet-LHL_gldm_SmallDependenceHighGrayLevelEmphasis,0.141027990308795,92
wavelet-LHL,gldm,SmallDependenceLowGrayLevelEmphasis,wavelet-LHL_gldm_SmallDependenceLowGrayLevelEmphasis,0.22181152755852418,226
wavelet-LHL,glrlm,GrayLevelNonUniformity,wavelet-LHL_glrlm_GrayLevelNonUniformity,0.16949577997850826,141
wavelet-LHL,glrlm,GrayLevelNonUniformityNormalized,wavelet-LHL_glrlm_GrayLevelNonUniformityNormalized,0.34731184038000795,473
wavelet-LHL,glrlm,GrayLevelVariance,wavelet-LHL_glrlm_GrayLevelVariance,0.1276835273183637,71
wavelet-LHL,glrlm,HighGrayLevelRunEmphasis,wavelet-LHL_glrlm_HighGrayLevelRunEmphasis,0.13993271162683388,89
wavelet-LHL,glrlm,LongRunEmphasis,wavelet-LHL_glrlm_LongRunEmphasis,0.33307874946240645,437
wavelet-LHL,glrlm,LongRunHighGrayLevelEmphasis,wavelet-LHL_glrlm_LongRunHighGrayLevelEmphasis,0.1435762955027759,96
wavelet-LHL,glrlm,LongRunLowGrayLevelEmphasis,wavelet-LHL_glrlm_LongRunLowGrayLevelEmphasis,0.19338216406371747,173
wavelet-LHL,glrlm,LowGrayLevelRunEmphasis,wavelet-LHL_glrlm_LowGrayLevelRunEmphasis,0.20238801309137383,188
wavelet-LHL,glrlm,RunEntropy,wavelet-LHL_glrlm_RunEntropy,0.3436409404164858,460
wavelet-LHL,glrlm,RunLengthNonUniformity,wavelet-LHL_glrlm_RunLengthNonUniformity,0.09891072688117303,34
wavelet-LHL,glrlm,RunLengthNonUniformityNormalized,wavelet-LHL_glrlm_RunLengthNonUniformityNormalized,0.3473486192679774,475
wavelet-LHL,glrlm,RunPercentage,wavelet-LHL_glrlm_RunPercentage,0.3394903110133724,451
wavelet-LHL,glrlm,RunVariance,wavelet-LHL_glrlm_RunVariance,0.32880289126324025,424
wavelet-LHL,glrlm,ShortRunEmphasis,wavelet-LHL_glrlm_ShortRunEmphasis,0.3425274737107003,458
wavelet-LHL,glrlm,ShortRunHighGrayLevelEmphasis,wavelet-LHL_glrlm_ShortRunHighGrayLevelEmphasis,0.13945829523579628,88
wavelet-LHL,glrlm,ShortRunLowGrayLevelEmphasis,wavelet-LHL_glrlm_ShortRunLowGrayLevelEmphasis,0.20412679567980713,195
wavelet-LHL,glszm,GrayLevelNonUniformity,wavelet-LHL_glszm_GrayLevelNonUniformity,0.18906883952769823,166
wavelet-LHL,glszm,GrayLevelNonUniformityNormalized,wavelet-LHL_glszm_GrayLevelNonUniformityNormalized,0.3485087621366034,478
wavelet-LHL,glszm,GrayLevelVariance,wavelet-LHL_glszm_GrayLevelVariance,0.1323886268708851,79
wavelet-LHL,glszm,HighGrayLevelZoneEmphasis,wavelet-LHL_glszm_HighGrayLevelZoneEmphasis,0.1394439614138038,87
wavelet-LHL,glszm,LargeAreaEmphasis,wavelet-LHL_glszm_LargeAreaEmphasis,0.31510147521274257,387
wavelet-LHL,glszm,LargeAreaHighGrayLevelEmphasis,wavelet-LHL_glszm_LargeAreaHighGrayLevelEmphasis,0.16723437928182025,139
wavelet-LHL,glszm,LargeAreaLowGrayLevelEmphasis,wavelet-LHL_glszm_LargeAreaLowGrayLevelEmphasis,0.1814561529459965,153
wavelet-LHL,glszm,LowGrayLevelZoneEmphasis,wavelet-LHL_glszm_LowGrayLevelZoneEmphasis,0.2174350218344237,217
wavelet-LHL,glszm,SizeZoneNonUniformity,wavelet-LHL_glszm_SizeZoneNonUniformity,0.5146835147178583,727
wavelet-LHL,glszm,SizeZoneNonUniformityNormalized,wavelet-LHL_glszm_SizeZoneNonUniformityNormalized,0.36992751523852146,522
wavelet-LHL,glszm,SmallAreaEmphasis,wavelet-LHL_glszm_SmallAreaEmphasis,0.35070569116708783,482
wavelet-LHL,glszm,SmallAreaHighGrayLevelEmphasis,wavelet-LHL_glszm_SmallAreaHighGrayLevelEmphasis,0.1390325518434373,85
wavelet-LHL,glszm,SmallAreaLowGrayLevelEmphasis,wavelet-LHL_glszm_SmallAreaLowGrayLevelEmphasis,0.2374436716383892,254
wavelet-LHL,glszm,ZoneEntropy,wavelet-LHL_glszm_ZoneEntropy,0.3977560536565963,578
wavelet-LHL,glszm,ZonePercentage,wavelet-LHL_glszm_ZonePercentage,0.34431442442672,464
wavelet-LHL,glszm,ZoneVariance,wavelet-LHL_glszm_ZoneVariance,0.31988066516743113,397
wavelet-LHL,ngtdm,Busyness,wavelet-LHL_ngtdm_Busyness,0.2217131750939854,225
wavelet-LHL,ngtdm,Coarseness,wavelet-LHL_ngtdm_Coarseness,0.5603312029032915,762
wavelet-LHL,ngtdm,Complexity,wavelet-LHL_ngtdm_Complexity,0.21931181111135506,221
wavelet-LHL,ngtdm,Contrast,wavelet-LHL_ngtdm_Contrast,0.20350464151350345,192
wavelet-LHL,ngtdm,Strength,wavelet-LHL_ngtdm_Strength,0.13915154307634817,86
wavelet-LLH,firstorder,10Percentile,wavelet-LLH_firstorder_10Percentile,0.21630173331051955,213
wavelet-LLH,firstorder,90Percentile,wavelet-LLH_firstorder_90Percentile,0.31381961093794947,382
wavelet-LLH,firstorder,Energy,wavelet-LLH_firstorder_Energy,6.506990068717685e-18,2
wavelet-LLH,firstorder,Entropy,wavelet-LLH_firstorder_Entropy,0.3078792995096552,366
wavelet-LLH,firstorder,InterquartileRange,wavelet-LLH_firstorder_InterquartileRange,0.36369022763087716,515
wavelet-LLH,firstorder,Kurtosis,wavelet-LLH_firstorder_Kurtosis,0.5627418633535223,765
wavelet-LLH,firstorder,Maximum,wavelet-LLH_firstorder_Maximum,0.4781634392367063,695
wavelet-LLH,firstorder,Mean,wavelet-LLH_firstorder_Mean,0.18080564065066007,151
wavelet-LLH,firstorder,MeanAbsoluteDeviation,wavelet-LLH_firstorder_MeanAbsoluteDeviation,0.3403889694284973,454
wavelet-LLH,firstorder,Median,wavelet-LLH_firstorder_Median,0.18417402253223145,155
wavelet-LLH,firstorder,Minimum,wavelet-LLH_firstorder_Minimum,0.5508451546981724,758
wavelet-LLH,firstorder,Range,wavelet-LLH_firstorder_Range,0.47117060696877433,689
wavelet-LLH,firstorder,RobustMeanAbsoluteDeviation,wavelet-LLH_firstorder_RobustMeanAbsoluteDeviation,0.31825446707147,394
wavelet-LLH,firstorder,RootMeanSquared,wavelet-LLH_firstorder_RootMeanSquared,NA,NA
wavelet-LLH,firstorder,Skewness,wavelet-LLH_firstorder_Skewness,0.48470325246474044,699
wavelet-LLH,firstorder,TotalEnergy,wavelet-LLH_firstorder_TotalEnergy,6.506990068717685e-18,2
wavelet-LLH,firstorder,Uniformity,wavelet-LLH_firstorder_Uniformity,0.3181911467543836,392
wavelet-LLH,firstorder,Variance,wavelet-LLH_firstorder_Variance,0.3721962542823169,524
wavelet-LLH,glcm,Autocorrelation,wavelet-LLH_glcm_Autocorrelation,0.26086042923944286,292
wavelet-LLH,glcm,ClusterProminence,wavelet-LLH_glcm_ClusterProminence,0.2771074390696409,314
wavelet-LLH,glcm,ClusterShade,wavelet-LLH_glcm_ClusterShade,0.27978197973303376,321
wavelet-LLH,glcm,ClusterTendency,wavelet-LLH_glcm_ClusterTendency,0.31308418855891124,381
wavelet-LLH,glcm,Contrast,wavelet-LLH_glcm_Contrast,0.3793633635732462,539
wavelet-LLH,glcm,Correlation,wavelet-LLH_glcm_Correlation,0.3284415476527359,423
wavelet-LLH,glcm,DifferenceAverage,wavelet-LLH_glcm_DifferenceAverage,0.3793633635732462,539
wavelet-LLH,glcm,DifferenceEntropy,wavelet-LLH_glcm_DifferenceEntropy,0.35482269737942873,491
wavelet-LLH,glcm,DifferenceVariance,wavelet-LLH_glcm_DifferenceVariance,0.36433513771258746,516
wavelet-LLH,glcm,Id,wavelet-LLH_glcm_Id,0.37936336357324607,538
wavelet-LLH,glcm,Idm,wavelet-LLH_glcm_Idm,0.37936336357324607,538
wavelet-LLH,glcm,Idmn,wavelet-LLH_glcm_Idmn,0.37936336357324635,540
wavelet-LLH,glcm,Idn,wavelet-LLH_glcm_Idn,0.3793633635732465,541
wavelet-LLH,glcm,Imc1,wavelet-LLH_glcm_Imc1,0.26429546297378914,297
wavelet-LLH,glcm,Imc2,wavelet-LLH_glcm_Imc2,0.262416504441685,293
wavelet-LLH,glcm,InverseVariance,wavelet-LLH_glcm_InverseVariance,0.3793633635732462,539
wavelet-LLH,glcm,JointAverage,wavelet-LLH_glcm_JointAverage,0.2526165746636821,281
wavelet-LLH,glcm,JointEnergy,wavelet-LLH_glcm_JointEnergy,0.3478681426254813,477
wavelet-LLH,glcm,JointEntropy,wavelet-LLH_glcm_JointEntropy,0.3397400015480561,453
wavelet-LLH,glcm,MaximumProbability,wavelet-LLH_glcm_MaximumProbability,0.35895905943905715,500
wavelet-LLH,glcm,SumEntropy,wavelet-LLH_glcm_SumEntropy,0.3317319374522944,432
wavelet-LLH,glcm,SumSquares,wavelet-LLH_glcm_SumSquares,0.3373508042877099,442
wavelet-LLH,gldm,DependenceEntropy,wavelet-LLH_gldm_DependenceEntropy,0.24824331172247951,273
wavelet-LLH,gldm,DependenceNonUniformity,wavelet-LLH_gldm_DependenceNonUniformity,0.14495659854069917,100
wavelet-LLH,gldm,DependenceNonUniformityNormalized,wavelet-LLH_gldm_DependenceNonUniformityNormalized,0.20371907921722437,193
wavelet-LLH,gldm,DependenceVariance,wavelet-LLH_gldm_DependenceVariance,0.37906823479443946,537
wavelet-LLH,gldm,GrayLevelNonUniformity,wavelet-LLH_gldm_GrayLevelNonUniformity,0.08119006213967817,18
wavelet-LLH,gldm,GrayLevelVariance,wavelet-LLH_gldm_GrayLevelVariance,0.31819114675438365,393
wavelet-LLH,gldm,HighGrayLevelEmphasis,wavelet-LLH_gldm_HighGrayLevelEmphasis,0.25154588051479476,280
wavelet-LLH,gldm,LargeDependenceEmphasis,wavelet-LLH_gldm_LargeDependenceEmphasis,0.07236365182900929,12
wavelet-LLH,gldm,LargeDependenceHighGrayLevelEmphasis,wavelet-LLH_gldm_LargeDependenceHighGrayLevelEmphasis,0.3017197597590089,359
wavelet-LLH,gldm,LargeDependenceLowGrayLevelEmphasis,wavelet-LLH_gldm_LargeDependenceLowGrayLevelEmphasis,0.1949911810814458,175
wavelet-LLH,gldm,LowGrayLevelEmphasis,wavelet-LLH_gldm_LowGrayLevelEmphasis,0.25154588051479476,280
wavelet-LLH,gldm,SmallDependenceEmphasis,wavelet-LLH_gldm_SmallDependenceEmphasis,0.29611246134624136,348
wavelet-LLH,gldm,SmallDependenceHighGrayLevelEmphasis,wavelet-LLH_gldm_SmallDependenceHighGrayLevelEmphasis,0.21015081503019353,201
wavelet-LLH,gldm,SmallDependenceLowGrayLevelEmphasis,wavelet-LLH_gldm_SmallDependenceLowGrayLevelEmphasis,0.4246682703138223,623
wavelet-LLH,glrlm,GrayLevelNonUniformity,wavelet-LLH_glrlm_GrayLevelNonUniformity,0.35495667829249034,492
wavelet-LLH,glrlm,GrayLevelNonUniformityNormalized,wavelet-LLH_glrlm_GrayLevelNonUniformityNormalized,0.36047077276632505,506
wavelet-LLH,glrlm,GrayLevelVariance,wavelet-LLH_glrlm_GrayLevelVariance,0.36047077276632505,506
wavelet-LLH,glrlm,HighGrayLevelRunEmphasis,wavelet-LLH_glrlm_HighGrayLevelRunEmphasis,0.2656889920005727,298
wavelet-LLH,glrlm,LongRunEmphasis,wavelet-LLH_glrlm_LongRunEmphasis,0.08209439518425812,19
wavelet-LLH,glrlm,LongRunHighGrayLevelEmphasis,wavelet-LLH_glrlm_LongRunHighGrayLevelEmphasis,0.2729697628800922,308
wavelet-LLH,glrlm,LongRunLowGrayLevelEmphasis,wavelet-LLH_glrlm_LongRunLowGrayLevelEmphasis,0.18471190163367726,157
wavelet-LLH,glrlm,LowGrayLevelRunEmphasis,wavelet-LLH_glrlm_LowGrayLevelRunEmphasis,0.2656889920005728,299
wavelet-LLH,glrlm,RunEntropy,wavelet-LLH_glrlm_RunEntropy,0.24638613928032857,268
wavelet-LLH,glrlm,RunLengthNonUniformity,wavelet-LLH_glrlm_RunLengthNonUniformity,0.15582124221316362,119
wavelet-LLH,glrlm,RunLengthNonUniformityNormalized,wavelet-LLH_glrlm_RunLengthNonUniformityNormalized,0.15658318466645313,123
wavelet-LLH,glrlm,RunPercentage,wavelet-LLH_glrlm_RunPercentage,0.09114924061805744,26
wavelet-LLH,glrlm,RunVariance,wavelet-LLH_glrlm_RunVariance,0.09319740011919614,27
wavelet-LLH,glrlm,ShortRunEmphasis,wavelet-LLH_glrlm_ShortRunEmphasis,0.09687757555337133,31
wavelet-LLH,glrlm,ShortRunHighGrayLevelEmphasis,wavelet-LLH_glrlm_ShortRunHighGrayLevelEmphasis,0.13357422273259764,80
wavelet-LLH,glrlm,ShortRunLowGrayLevelEmphasis,wavelet-LLH_glrlm_ShortRunLowGrayLevelEmphasis,0.3978995222003447,580
wavelet-LLH,glszm,GrayLevelNonUniformity,wavelet-LLH_glszm_GrayLevelNonUniformity,0.43229656237742387,633
wavelet-LLH,glszm,GrayLevelNonUniformityNormalized,wavelet-LLH_glszm_GrayLevelNonUniformityNormalized,0.3723855028262812,525
wavelet-LLH,glszm,GrayLevelVariance,wavelet-LLH_glszm_GrayLevelVariance,0.3723855028262812,525
wavelet-LLH,glszm,HighGrayLevelZoneEmphasis,wavelet-LLH_glszm_HighGrayLevelZoneEmphasis,0.43679396690490474,643
wavelet-LLH,glszm,LargeAreaEmphasis,wavelet-LLH_glszm_LargeAreaEmphasis,0.2163189459423168,214
wavelet-LLH,glszm,LargeAreaHighGrayLevelEmphasis,wavelet-LLH_glszm_LargeAreaHighGrayLevelEmphasis,0.2504189097549552,278
wavelet-LLH,glszm,LargeAreaLowGrayLevelEmphasis,wavelet-LLH_glszm_LargeAreaLowGrayLevelEmphasis,0.20995655483859005,199
wavelet-LLH,glszm,LowGrayLevelZoneEmphasis,wavelet-LLH_glszm_LowGrayLevelZoneEmphasis,0.4367939669049047,642
wavelet-LLH,glszm,SizeZoneNonUniformity,wavelet-LLH_glszm_SizeZoneNonUniformity,0.5071199410733929,723
wavelet-LLH,glszm,SizeZoneNonUniformityNormalized,wavelet-LLH_glszm_SizeZoneNonUniformityNormalized,0.35214446442891323,485
wavelet-LLH,glszm,SmallAreaEmphasis,wavelet-LLH_glszm_SmallAreaEmphasis,0.471457535642077,690
wavelet-LLH,glszm,SmallAreaHighGrayLevelEmphasis,wavelet-LLH_glszm_SmallAreaHighGrayLevelEmphasis,0.48186228190964975,696
wavelet-LLH,glszm,SmallAreaLowGrayLevelEmphasis,wavelet-LLH_glszm_SmallAreaLowGrayLevelEmphasis,0.47277576663604287,691
wavelet-LLH,glszm,ZoneEntropy,wavelet-LLH_glszm_ZoneEntropy,0.35722631835623786,497
wavelet-LLH,glszm,ZonePercentage,wavelet-LLH_glszm_ZonePercentage,0.3543042203194649,489
wavelet-LLH,glszm,ZoneVariance,wavelet-LLH_glszm_ZoneVariance,0.3328095897783542,436
wavelet-LLH,ngtdm,Busyness,wavelet-LLH_ngtdm_Busyness,0.438548253205391,648
wavelet-LLH,ngtdm,Coarseness,wavelet-LLH_ngtdm_Coarseness,0.22329633783905833,231
wavelet-LLH,ngtdm,Complexity,wavelet-LLH_ngtdm_Complexity,0.38630779606437193,556
wavelet-LLH,ngtdm,Contrast,wavelet-LLH_ngtdm_Contrast,0.3999187018197972,583
wavelet-LLH,ngtdm,Strength,wavelet-LLH_ngtdm_Strength,0.40057770092469475,587
wavelet-LLL,firstorder,10Percentile,wavelet-LLL_firstorder_10Percentile,0.1321463649309372,78
wavelet-LLL,firstorder,90Percentile,wavelet-LLL_firstorder_90Percentile,0.18907861127488276,167
wavelet-LLL,firstorder,Energy,wavelet-LLL_firstorder_Energy,0.05847213605387741,9
wavelet-LLL,firstorder,Entropy,wavelet-LLL_firstorder_Entropy,0.32973760527618523,425
wavelet-LLL,firstorder,InterquartileRange,wavelet-LLL_firstorder_InterquartileRange,0.21001653118653554,200
wavelet-LLL,firstorder,Kurtosis,wavelet-LLL_firstorder_Kurtosis,0.2298121908192031,243
wavelet-LLL,firstorder,Maximum,wavelet-LLL_firstorder_Maximum,0.2450743789378428,267
wavelet-LLL,firstorder,Mean,wavelet-LLL_firstorder_Mean,0.10354959631104352,37
wavelet-LLL,firstorder,MeanAbsoluteDeviation,wavelet-LLL_firstorder_MeanAbsoluteDeviation,0.12995578152424142,75
wavelet-LLL,firstorder,Median,wavelet-LLL_firstorder_Median,0.1111977475917024,46
wavelet-LLL,firstorder,Minimum,wavelet-LLL_firstorder_Minimum,0.22272609521340175,230
wavelet-LLL,firstorder,Range,wavelet-LLL_firstorder_Range,0.21094736429648783,202
wavelet-LLL,firstorder,RobustMeanAbsoluteDeviation,wavelet-LLL_firstorder_RobustMeanAbsoluteDeviation,0.15660925696769015,124
wavelet-LLL,firstorder,RootMeanSquared,wavelet-LLL_firstorder_RootMeanSquared,0.10935998569802663,44
wavelet-LLL,firstorder,Skewness,wavelet-LLL_firstorder_Skewness,0.24019470737516116,257
wavelet-LLL,firstorder,TotalEnergy,wavelet-LLL_firstorder_TotalEnergy,0.05847213605387741,9
wavelet-LLL,firstorder,Uniformity,wavelet-LLL_firstorder_Uniformity,0.3623549889867088,512
wavelet-LLL,firstorder,Variance,wavelet-LLL_firstorder_Variance,0.12584488487285983,68
wavelet-LLL,glcm,Autocorrelation,wavelet-LLL_glcm_Autocorrelation,0.40574171390661884,598
wavelet-LLL,glcm,ClusterProminence,wavelet-LLL_glcm_ClusterProminence,0.16422130710488142,136
wavelet-LLL,glcm,ClusterShade,wavelet-LLL_glcm_ClusterShade,0.2276183609576557,237
wavelet-LLL,glcm,ClusterTendency,wavelet-LLL_glcm_ClusterTendency,0.14415856583745731,97
wavelet-LLL,glcm,Contrast,wavelet-LLL_glcm_Contrast,0.07730633519108321,15
wavelet-LLL,glcm,Correlation,wavelet-LLL_glcm_Correlation,0.08466251436192024,20
wavelet-LLL,glcm,DifferenceAverage,wavelet-LLL_glcm_DifferenceAverage,0.06758608997075022,11
wavelet-LLL,glcm,DifferenceEntropy,wavelet-LLL_glcm_DifferenceEntropy,0.22812582826903363,240
wavelet-LLL,glcm,DifferenceVariance,wavelet-LLL_glcm_DifferenceVariance,0.10365708723864725,38
wavelet-LLL,glcm,Id,wavelet-LLL_glcm_Id,0.14973516644580145,109
wavelet-LLL,glcm,Idm,wavelet-LLL_glcm_Idm,0.21461316423239052,210
wavelet-LLL,glcm,Idmn,wavelet-LLL_glcm_Idmn,0.14486326708702443,99
wavelet-LLL,glcm,Idn,wavelet-LLL_glcm_Idn,0.13096074085275808,76
wavelet-LLL,glcm,Imc1,wavelet-LLL_glcm_Imc1,0.17084361072374885,142
wavelet-LLL,glcm,Imc2,wavelet-LLL_glcm_Imc2,0.15621988776832146,121
wavelet-LLL,glcm,InverseVariance,wavelet-LLL_glcm_InverseVariance,0.23587504094172035,251
wavelet-LLL,glcm,JointAverage,wavelet-LLL_glcm_JointAverage,0.4156034004251795,613
wavelet-LLL,glcm,JointEnergy,wavelet-LLL_glcm_JointEnergy,0.05243318137141955,8
wavelet-LLL,glcm,JointEntropy,wavelet-LLL_glcm_JointEntropy,0.03461414231471041,5
wavelet-LLL,glcm,MaximumProbability,wavelet-LLL_glcm_MaximumProbability,0.3473252546404522,474
wavelet-LLL,glcm,SumEntropy,wavelet-LLL_glcm_SumEntropy,0.09457263612308998,29
wavelet-LLL,glcm,SumSquares,wavelet-LLL_glcm_SumSquares,0.12318229758185562,64
wavelet-LLL,gldm,DependenceEntropy,wavelet-LLL_gldm_DependenceEntropy,0.2959350211108495,346
wavelet-LLL,gldm,DependenceNonUniformity,wavelet-LLL_gldm_DependenceNonUniformity,0.36235524597088403,513
wavelet-LLL,gldm,DependenceNonUniformityNormalized,wavelet-LLL_gldm_DependenceNonUniformityNormalized,0.3663141284708588,517
wavelet-LLL,gldm,DependenceVariance,wavelet-LLL_gldm_DependenceVariance,0.32985668013049124,426
wavelet-LLL,gldm,GrayLevelNonUniformity,wavelet-LLL_gldm_GrayLevelNonUniformity,0.20546117855281484,196
wavelet-LLL,gldm,GrayLevelVariance,wavelet-LLL_gldm_GrayLevelVariance,0.12623915005414907,69
wavelet-LLL,gldm,HighGrayLevelEmphasis,wavelet-LLL_gldm_HighGrayLevelEmphasis,0.36108451380447615,508
wavelet-LLL,gldm,LargeDependenceEmphasis,wavelet-LLL_gldm_LargeDependenceEmphasis,0.3259733939210239,413
wavelet-LLL,gldm,LargeDependenceHighGrayLevelEmphasis,wavelet-LLL_gldm_LargeDependenceHighGrayLevelEmphasis,0.5013204176103894,714
wavelet-LLL,gldm,LargeDependenceLowGrayLevelEmphasis,wavelet-LLL_gldm_LargeDependenceLowGrayLevelEmphasis,0.3317152732274675,431
wavelet-LLL,gldm,LowGrayLevelEmphasis,wavelet-LLL_gldm_LowGrayLevelEmphasis,0.5528967270121166,760
wavelet-LLL,gldm,SmallDependenceEmphasis,wavelet-LLL_gldm_SmallDependenceEmphasis,0.34510717044252803,466
wavelet-LLL,gldm,SmallDependenceHighGrayLevelEmphasis,wavelet-LLL_gldm_SmallDependenceHighGrayLevelEmphasis,0.3379677911157092,450
wavelet-LLL,gldm,SmallDependenceLowGrayLevelEmphasis,wavelet-LLL_gldm_SmallDependenceLowGrayLevelEmphasis,0.5418390427579028,754
wavelet-LLL,glrlm,GrayLevelNonUniformity,wavelet-LLL_glrlm_GrayLevelNonUniformity,0.2069389560112329,197
wavelet-LLL,glrlm,GrayLevelNonUniformityNormalized,wavelet-LLL_glrlm_GrayLevelNonUniformityNormalized,0.3577276035685801,498
wavelet-LLL,glrlm,GrayLevelVariance,wavelet-LLL_glrlm_GrayLevelVariance,0.12675729303683816,70
wavelet-LLL,glrlm,HighGrayLevelRunEmphasis,wavelet-LLL_glrlm_HighGrayLevelRunEmphasis,0.35987233419885306,504
wavelet-LLL,glrlm,LongRunEmphasis,wavelet-LLL_glrlm_LongRunEmphasis,0.3301393027514944,427
wavelet-LLL,glrlm,LongRunHighGrayLevelEmphasis,wavelet-LLL_glrlm_LongRunHighGrayLevelEmphasis,0.37995413121507515,542
wavelet-LLL,glrlm,LongRunLowGrayLevelEmphasis,wavelet-LLL_glrlm_LongRunLowGrayLevelEmphasis,0.5272213243168136,741
wavelet-LLL,glrlm,LowGrayLevelRunEmphasis,wavelet-LLL_glrlm_LowGrayLevelRunEmphasis,0.5736222042003079,769
wavelet-LLL,glrlm,RunEntropy,wavelet-LLL_glrlm_RunEntropy,0.3188696257640508,395
wavelet-LLL,glrlm,RunLengthNonUniformity,wavelet-LLL_glrlm_RunLengthNonUniformity,0.06386666129130279,10
wavelet-LLL,glrlm,RunLengthNonUniformityNormalized,wavelet-LLL_glrlm_RunLengthNonUniformityNormalized,0.3310656890314612,430
wavelet-LLL,glrlm,RunPercentage,wavelet-LLL_glrlm_RunPercentage,0.33267165323355874,435
wavelet-LLL,glrlm,RunVariance,wavelet-LLL_glrlm_RunVariance,0.31787240113731957,390
wavelet-LLL,glrlm,ShortRunEmphasis,wavelet-LLL_glrlm_ShortRunEmphasis,0.33200525357318944,433
wavelet-LLL,glrlm,ShortRunHighGrayLevelEmphasis,wavelet-LLL_glrlm_ShortRunHighGrayLevelEmphasis,0.3560067420141924,494
wavelet-LLL,glrlm,ShortRunLowGrayLevelEmphasis,wavelet-LLL_glrlm_ShortRunLowGrayLevelEmphasis,0.577543248470076,771
wavelet-LLL,glszm,GrayLevelNonUniformity,wavelet-LLL_glszm_GrayLevelNonUniformity,0.2299550717221952,244
wavelet-LLL,glszm,GrayLevelNonUniformityNormalized,wavelet-LLL_glszm_GrayLevelNonUniformityNormalized,0.34730287740193116,472
wavelet-LLL,glszm,GrayLevelVariance,wavelet-LLL_glszm_GrayLevelVariance,0.1341917087253863,82
wavelet-LLL,glszm,HighGrayLevelZoneEmphasis,wavelet-LLL_glszm_HighGrayLevelZoneEmphasis,0.35707838881566484,496
wavelet-LLL,glszm,LargeAreaEmphasis,wavelet-LLL_glszm_LargeAreaEmphasis,0.3272677669828426,417
wavelet-LLL,glszm,LargeAreaHighGrayLevelEmphasis,wavelet-LLL_glszm_LargeAreaHighGrayLevelEmphasis,0.4464432694013214,654
wavelet-LLL,glszm,LargeAreaLowGrayLevelEmphasis,wavelet-LLL_glszm_LargeAreaLowGrayLevelEmphasis,0.45734496362756927,671
wavelet-LLL,glszm,LowGrayLevelZoneEmphasis,wavelet-LLL_glszm_LowGrayLevelZoneEmphasis,0.5838572898903269,773
wavelet-LLL,glszm,SizeZoneNonUniformity,wavelet-LLL_glszm_SizeZoneNonUniformity,0.3036769502037414,361
wavelet-LLL,glszm,SizeZoneNonUniformityNormalized,wavelet-LLL_glszm_SizeZoneNonUniformityNormalized,0.35384294408284045,487
wavelet-LLL,glszm,SmallAreaEmphasis,wavelet-LLL_glszm_SmallAreaEmphasis,0.3415529479642849,456
wavelet-LLL,glszm,SmallAreaHighGrayLevelEmphasis,wavelet-LLL_glszm_SmallAreaHighGrayLevelEmphasis,0.3456507289933923,468
wavelet-LLL,glszm,SmallAreaLowGrayLevelEmphasis,wavelet-LLL_glszm_SmallAreaLowGrayLevelEmphasis,0.5477999996497889,757
wavelet-LLL,glszm,ZoneEntropy,wavelet-LLL_glszm_ZoneEntropy,0.3094707928049947,371
wavelet-LLL,glszm,ZonePercentage,wavelet-LLL_glszm_ZonePercentage,0.34351461299003705,459
wavelet-LLL,glszm,ZoneVariance,wavelet-LLL_glszm_ZoneVariance,0.31121342195333673,376
wavelet-LLL,ngtdm,Busyness,wavelet-LLL_ngtdm_Busyness,0.30116664575557867,358
wavelet-LLL,ngtdm,Coarseness,wavelet-LLL_ngtdm_Coarseness,0.1874877115407617,161
wavelet-LLL,ngtdm,Complexity,wavelet-LLL_ngtdm_Complexity,0.13376649301385277,81
wavelet-LLL,ngtdm,Contrast,wavelet-LLL_ngtdm_Contrast,0.12982211911467645,74
wavelet-LLL,ngtdm,Strength,wavelet-LLL_ngtdm_Strength,0.18753800826417247,162
